Starlink 1
1 00001U 19029BR  20219.59692852  .00001103  00000-0  33518-4 0  9991
2 00001 63.00000   0.7036 0003481 299.7327   0.3331 15.05527065  1774
Starlink 2
1 00002U 19029BR  20219.59692852  .00001103  00000-0  33518-4 0  9992
2 00002 63.00000   0.7036 0003481 299.7327  36.3331 15.05527065  1774
Starlink 3
1 00003U 19029BR  20219.59692852  .00001103  00000-0  33518-4 0  9993
2 00003 63.00000   0.7036 0003481 299.7327  72.3331 15.05527065  1775
Starlink 4
1 00004U 19029BR  20219.59692852  .00001103  00000-0  33518-4 0  9994
2 00004 63.00000   0.7036 0003481 299.7327 108.3331 15.05527065  1776
Starlink 5
1 00005U 19029BR  20219.59692852  .00001103  00000-0  33518-4 0  9995
2 00005 63.00000   0.7036 0003481 299.7327 144.3331 15.05527065  1777
Starlink 6
1 00006U 19029BR  20219.59692852  .00001103  00000-0  33518-4 0  9996
2 00006 63.00000   0.7036 0003481 299.7327 180.3331 15.05527065  1778
Starlink 7
1 00007U 19029BR  20219.59692852  .00001103  00000-0  33518-4 0  9997
2 00007 63.00000   0.7036 0003481 299.7327 216.3331 15.05527065  1779
Starlink 8
1 00008U 19029BR  20219.59692852  .00001103  00000-0  33518-4 0  9998
2 00008 63.00000   0.7036 0003481 299.7327 252.3331 15.05527065  1770
Starlink 9
1 00009U 19029BR  20219.59692852  .00001103  00000-0  33518-4 0  9999
2 00009 63.00000   0.7036 0003481 299.7327 288.3331 15.05527065  1770
Starlink 10
1 00010U 19029BR  20219.59692852  .00001103  00000-0  33518-4 0  9991
2 00010 63.00000   0.7036 0003481 299.7327 324.3331 15.05527065  1773
Starlink 11
1 00011U 19029BR  20219.59692852  .00001103  00000-0  33518-4 0  9992
2 00011 63.00000  15.7036 0003481 299.7327   0.3331 15.05527065  1771
Starlink 12
1 00012U 19029BR  20219.59692852  .00001103  00000-0  33518-4 0  9993
2 00012 63.00000  15.7036 0003481 299.7327  36.3331 15.05527065  1771
Starlink 13
1 00013U 19029BR  20219.59692852  .00001103  00000-0  33518-4 0  9994
2 00013 63.00000  15.7036 0003481 299.7327  72.3331 15.05527065  1772
Starlink 14
1 00014U 19029BR  20219.59692852  .00001103  00000-0  33518-4 0  9995
2 00014 63.00000  15.7036 0003481 299.7327 108.3331 15.05527065  1773
Starlink 15
1 00015U 19029BR  20219.59692852  .00001103  00000-0  33518-4 0  9996
2 00015 63.00000  15.7036 0003481 299.7327 144.3331 15.05527065  1774
Starlink 16
1 00016U 19029BR  20219.59692852  .00001103  00000-0  33518-4 0  9997
2 00016 63.00000  15.7036 0003481 299.7327 180.3331 15.05527065  1775
Starlink 17
1 00017U 19029BR  20219.59692852  .00001103  00000-0  33518-4 0  9998
2 00017 63.00000  15.7036 0003481 299.7327 216.3331 15.05527065  1776
Starlink 18
1 00018U 19029BR  20219.59692852  .00001103  00000-0  33518-4 0  9999
2 00018 63.00000  15.7036 0003481 299.7327 252.3331 15.05527065  1777
Starlink 19
1 00019U 19029BR  20219.59692852  .00001103  00000-0  33518-4 0  9990
2 00019 63.00000  15.7036 0003481 299.7327 288.3331 15.05527065  1777
Starlink 20
1 00020U 19029BR  20219.59692852  .00001103  00000-0  33518-4 0  9992
2 00020 63.00000  15.7036 0003481 299.7327 324.3331 15.05527065  1770
Starlink 21
1 00021U 19029BR  20219.59692852  .00001103  00000-0  33518-4 0  9993
2 00021 63.00000  30.7036 0003481 299.7327   0.3331 15.05527065  1779
Starlink 22
1 00022U 19029BR  20219.59692852  .00001103  00000-0  33518-4 0  9994
2 00022 63.00000  30.7036 0003481 299.7327  36.3331 15.05527065  1779
Starlink 23
1 00023U 19029BR  20219.59692852  .00001103  00000-0  33518-4 0  9995
2 00023 63.00000  30.7036 0003481 299.7327  72.3331 15.05527065  1770
Starlink 24
1 00024U 19029BR  20219.59692852  .00001103  00000-0  33518-4 0  9996
2 00024 63.00000  30.7036 0003481 299.7327 108.3331 15.05527065  1771
Starlink 25
1 00025U 19029BR  20219.59692852  .00001103  00000-0  33518-4 0  9997
2 00025 63.00000  30.7036 0003481 299.7327 144.3331 15.05527065  1772
Starlink 26
1 00026U 19029BR  20219.59692852  .00001103  00000-0  33518-4 0  9998
2 00026 63.00000  30.7036 0003481 299.7327 180.3331 15.05527065  1773
Starlink 27
1 00027U 19029BR  20219.59692852  .00001103  00000-0  33518-4 0  9999
2 00027 63.00000  30.7036 0003481 299.7327 216.3331 15.05527065  1774
Starlink 28
1 00028U 19029BR  20219.59692852  .00001103  00000-0  33518-4 0  9990
2 00028 63.00000  30.7036 0003481 299.7327 252.3331 15.05527065  1775
Starlink 29
1 00029U 19029BR  20219.59692852  .00001103  00000-0  33518-4 0  9991
2 00029 63.00000  30.7036 0003481 299.7327 288.3331 15.05527065  1775
Starlink 30
1 00030U 19029BR  20219.59692852  .00001103  00000-0  33518-4 0  9993
2 00030 63.00000  30.7036 0003481 299.7327 324.3331 15.05527065  1778
Starlink 31
1 00031U 19029BR  20219.59692852  .00001103  00000-0  33518-4 0  9994
2 00031 63.00000  45.7036 0003481 299.7327   0.3331 15.05527065  1776
Starlink 32
1 00032U 19029BR  20219.59692852  .00001103  00000-0  33518-4 0  9995
2 00032 63.00000  45.7036 0003481 299.7327  36.3331 15.05527065  1776
Starlink 33
1 00033U 19029BR  20219.59692852  .00001103  00000-0  33518-4 0  9996
2 00033 63.00000  45.7036 0003481 299.7327  72.3331 15.05527065  1777
Starlink 34
1 00034U 19029BR  20219.59692852  .00001103  00000-0  33518-4 0  9997
2 00034 63.00000  45.7036 0003481 299.7327 108.3331 15.05527065  1778
Starlink 35
1 00035U 19029BR  20219.59692852  .00001103  00000-0  33518-4 0  9998
2 00035 63.00000  45.7036 0003481 299.7327 144.3331 15.05527065  1779
Starlink 36
1 00036U 19029BR  20219.59692852  .00001103  00000-0  33518-4 0  9999
2 00036 63.00000  45.7036 0003481 299.7327 180.3331 15.05527065  1770
Starlink 37
1 00037U 19029BR  20219.59692852  .00001103  00000-0  33518-4 0  9990
2 00037 63.00000  45.7036 0003481 299.7327 216.3331 15.05527065  1771
Starlink 38
1 00038U 19029BR  20219.59692852  .00001103  00000-0  33518-4 0  9991
2 00038 63.00000  45.7036 0003481 299.7327 252.3331 15.05527065  1772
Starlink 39
1 00039U 19029BR  20219.59692852  .00001103  00000-0  33518-4 0  9992
2 00039 63.00000  45.7036 0003481 299.7327 288.3331 15.05527065  1772
Starlink 40
1 00040U 19029BR  20219.59692852  .00001103  00000-0  33518-4 0  9994
2 00040 63.00000  45.7036 0003481 299.7327 324.3331 15.05527065  1775
Starlink 41
1 00041U 19029BR  20219.59692852  .00001103  00000-0  33518-4 0  9995
2 00041 63.00000  60.7036 0003481 299.7327   0.3331 15.05527065  1774
Starlink 42
1 00042U 19029BR  20219.59692852  .00001103  00000-0  33518-4 0  9996
2 00042 63.00000  60.7036 0003481 299.7327  36.3331 15.05527065  1774
Starlink 43
1 00043U 19029BR  20219.59692852  .00001103  00000-0  33518-4 0  9997
2 00043 63.00000  60.7036 0003481 299.7327  72.3331 15.05527065  1775
Starlink 44
1 00044U 19029BR  20219.59692852  .00001103  00000-0  33518-4 0  9998
2 00044 63.00000  60.7036 0003481 299.7327 108.3331 15.05527065  1776
Starlink 45
1 00045U 19029BR  20219.59692852  .00001103  00000-0  33518-4 0  9999
2 00045 63.00000  60.7036 0003481 299.7327 144.3331 15.05527065  1777
Starlink 46
1 00046U 19029BR  20219.59692852  .00001103  00000-0  33518-4 0  9990
2 00046 63.00000  60.7036 0003481 299.7327 180.3331 15.05527065  1778
Starlink 47
1 00047U 19029BR  20219.59692852  .00001103  00000-0  33518-4 0  9991
2 00047 63.00000  60.7036 0003481 299.7327 216.3331 15.05527065  1779
Starlink 48
1 00048U 19029BR  20219.59692852  .00001103  00000-0  33518-4 0  9992
2 00048 63.00000  60.7036 0003481 299.7327 252.3331 15.05527065  1770
Starlink 49
1 00049U 19029BR  20219.59692852  .00001103  00000-0  33518-4 0  9993
2 00049 63.00000  60.7036 0003481 299.7327 288.3331 15.05527065  1770
Starlink 50
1 00050U 19029BR  20219.59692852  .00001103  00000-0  33518-4 0  9995
2 00050 63.00000  60.7036 0003481 299.7327 324.3331 15.05527065  1773
Starlink 51
1 00051U 19029BR  20219.59692852  .00001103  00000-0  33518-4 0  9996
2 00051 63.00000  75.7036 0003481 299.7327   0.3331 15.05527065  1771
Starlink 52
1 00052U 19029BR  20219.59692852  .00001103  00000-0  33518-4 0  9997
2 00052 63.00000  75.7036 0003481 299.7327  36.3331 15.05527065  1771
Starlink 53
1 00053U 19029BR  20219.59692852  .00001103  00000-0  33518-4 0  9998
2 00053 63.00000  75.7036 0003481 299.7327  72.3331 15.05527065  1772
Starlink 54
1 00054U 19029BR  20219.59692852  .00001103  00000-0  33518-4 0  9999
2 00054 63.00000  75.7036 0003481 299.7327 108.3331 15.05527065  1773
Starlink 55
1 00055U 19029BR  20219.59692852  .00001103  00000-0  33518-4 0  9990
2 00055 63.00000  75.7036 0003481 299.7327 144.3331 15.05527065  1774
Starlink 56
1 00056U 19029BR  20219.59692852  .00001103  00000-0  33518-4 0  9991
2 00056 63.00000  75.7036 0003481 299.7327 180.3331 15.05527065  1775
Starlink 57
1 00057U 19029BR  20219.59692852  .00001103  00000-0  33518-4 0  9992
2 00057 63.00000  75.7036 0003481 299.7327 216.3331 15.05527065  1776
Starlink 58
1 00058U 19029BR  20219.59692852  .00001103  00000-0  33518-4 0  9993
2 00058 63.00000  75.7036 0003481 299.7327 252.3331 15.05527065  1777
Starlink 59
1 00059U 19029BR  20219.59692852  .00001103  00000-0  33518-4 0  9994
2 00059 63.00000  75.7036 0003481 299.7327 288.3331 15.05527065  1777
Starlink 60
1 00060U 19029BR  20219.59692852  .00001103  00000-0  33518-4 0  9996
2 00060 63.00000  75.7036 0003481 299.7327 324.3331 15.05527065  1770
Starlink 61
1 00061U 19029BR  20219.59692852  .00001103  00000-0  33518-4 0  9997
2 00061 63.00000  90.7036 0003481 299.7327   0.3331 15.05527065  1779
Starlink 62
1 00062U 19029BR  20219.59692852  .00001103  00000-0  33518-4 0  9998
2 00062 63.00000  90.7036 0003481 299.7327  36.3331 15.05527065  1779
Starlink 63
1 00063U 19029BR  20219.59692852  .00001103  00000-0  33518-4 0  9999
2 00063 63.00000  90.7036 0003481 299.7327  72.3331 15.05527065  1770
Starlink 64
1 00064U 19029BR  20219.59692852  .00001103  00000-0  33518-4 0  9990
2 00064 63.00000  90.7036 0003481 299.7327 108.3331 15.05527065  1771
Starlink 65
1 00065U 19029BR  20219.59692852  .00001103  00000-0  33518-4 0  9991
2 00065 63.00000  90.7036 0003481 299.7327 144.3331 15.05527065  1772
Starlink 66
1 00066U 19029BR  20219.59692852  .00001103  00000-0  33518-4 0  9992
2 00066 63.00000  90.7036 0003481 299.7327 180.3331 15.05527065  1773
Starlink 67
1 00067U 19029BR  20219.59692852  .00001103  00000-0  33518-4 0  9993
2 00067 63.00000  90.7036 0003481 299.7327 216.3331 15.05527065  1774
Starlink 68
1 00068U 19029BR  20219.59692852  .00001103  00000-0  33518-4 0  9994
2 00068 63.00000  90.7036 0003481 299.7327 252.3331 15.05527065  1775
Starlink 69
1 00069U 19029BR  20219.59692852  .00001103  00000-0  33518-4 0  9995
2 00069 63.00000  90.7036 0003481 299.7327 288.3331 15.05527065  1775
Starlink 70
1 00070U 19029BR  20219.59692852  .00001103  00000-0  33518-4 0  9997
2 00070 63.00000  90.7036 0003481 299.7327 324.3331 15.05527065  1778
Starlink 71
1 00071U 19029BR  20219.59692852  .00001103  00000-0  33518-4 0  9998
2 00071 63.00000 105.7036 0003481 299.7327   0.3331 15.05527065  1777
Starlink 72
1 00072U 19029BR  20219.59692852  .00001103  00000-0  33518-4 0  9999
2 00072 63.00000 105.7036 0003481 299.7327  36.3331 15.05527065  1777
Starlink 73
1 00073U 19029BR  20219.59692852  .00001103  00000-0  33518-4 0  9990
2 00073 63.00000 105.7036 0003481 299.7327  72.3331 15.05527065  1778
Starlink 74
1 00074U 19029BR  20219.59692852  .00001103  00000-0  33518-4 0  9991
2 00074 63.00000 105.7036 0003481 299.7327 108.3331 15.05527065  1779
Starlink 75
1 00075U 19029BR  20219.59692852  .00001103  00000-0  33518-4 0  9992
2 00075 63.00000 105.7036 0003481 299.7327 144.3331 15.05527065  1770
Starlink 76
1 00076U 19029BR  20219.59692852  .00001103  00000-0  33518-4 0  9993
2 00076 63.00000 105.7036 0003481 299.7327 180.3331 15.05527065  1771
Starlink 77
1 00077U 19029BR  20219.59692852  .00001103  00000-0  33518-4 0  9994
2 00077 63.00000 105.7036 0003481 299.7327 216.3331 15.05527065  1772
Starlink 78
1 00078U 19029BR  20219.59692852  .00001103  00000-0  33518-4 0  9995
2 00078 63.00000 105.7036 0003481 299.7327 252.3331 15.05527065  1773
Starlink 79
1 00079U 19029BR  20219.59692852  .00001103  00000-0  33518-4 0  9996
2 00079 63.00000 105.7036 0003481 299.7327 288.3331 15.05527065  1773
Starlink 80
1 00080U 19029BR  20219.59692852  .00001103  00000-0  33518-4 0  9998
2 00080 63.00000 105.7036 0003481 299.7327 324.3331 15.05527065  1776
Starlink 81
1 00081U 19029BR  20219.59692852  .00001103  00000-0  33518-4 0  9999
2 00081 63.00000 120.7036 0003481 299.7327   0.3331 15.05527065  1775
Starlink 82
1 00082U 19029BR  20219.59692852  .00001103  00000-0  33518-4 0  9990
2 00082 63.00000 120.7036 0003481 299.7327  36.3331 15.05527065  1775
Starlink 83
1 00083U 19029BR  20219.59692852  .00001103  00000-0  33518-4 0  9991
2 00083 63.00000 120.7036 0003481 299.7327  72.3331 15.05527065  1776
Starlink 84
1 00084U 19029BR  20219.59692852  .00001103  00000-0  33518-4 0  9992
2 00084 63.00000 120.7036 0003481 299.7327 108.3331 15.05527065  1777
Starlink 85
1 00085U 19029BR  20219.59692852  .00001103  00000-0  33518-4 0  9993
2 00085 63.00000 120.7036 0003481 299.7327 144.3331 15.05527065  1778
Starlink 86
1 00086U 19029BR  20219.59692852  .00001103  00000-0  33518-4 0  9994
2 00086 63.00000 120.7036 0003481 299.7327 180.3331 15.05527065  1779
Starlink 87
1 00087U 19029BR  20219.59692852  .00001103  00000-0  33518-4 0  9995
2 00087 63.00000 120.7036 0003481 299.7327 216.3331 15.05527065  1770
Starlink 88
1 00088U 19029BR  20219.59692852  .00001103  00000-0  33518-4 0  9996
2 00088 63.00000 120.7036 0003481 299.7327 252.3331 15.05527065  1771
Starlink 89
1 00089U 19029BR  20219.59692852  .00001103  00000-0  33518-4 0  9997
2 00089 63.00000 120.7036 0003481 299.7327 288.3331 15.05527065  1771
Starlink 90
1 00090U 19029BR  20219.59692852  .00001103  00000-0  33518-4 0  9999
2 00090 63.00000 120.7036 0003481 299.7327 324.3331 15.05527065  1774
Starlink 91
1 00091U 19029BR  20219.59692852  .00001103  00000-0  33518-4 0  9990
2 00091 63.00000 135.7036 0003481 299.7327   0.3331 15.05527065  1772
Starlink 92
1 00092U 19029BR  20219.59692852  .00001103  00000-0  33518-4 0  9991
2 00092 63.00000 135.7036 0003481 299.7327  36.3331 15.05527065  1772
Starlink 93
1 00093U 19029BR  20219.59692852  .00001103  00000-0  33518-4 0  9992
2 00093 63.00000 135.7036 0003481 299.7327  72.3331 15.05527065  1773
Starlink 94
1 00094U 19029BR  20219.59692852  .00001103  00000-0  33518-4 0  9993
2 00094 63.00000 135.7036 0003481 299.7327 108.3331 15.05527065  1774
Starlink 95
1 00095U 19029BR  20219.59692852  .00001103  00000-0  33518-4 0  9994
2 00095 63.00000 135.7036 0003481 299.7327 144.3331 15.05527065  1775
Starlink 96
1 00096U 19029BR  20219.59692852  .00001103  00000-0  33518-4 0  9995
2 00096 63.00000 135.7036 0003481 299.7327 180.3331 15.05527065  1776
Starlink 97
1 00097U 19029BR  20219.59692852  .00001103  00000-0  33518-4 0  9996
2 00097 63.00000 135.7036 0003481 299.7327 216.3331 15.05527065  1777
Starlink 98
1 00098U 19029BR  20219.59692852  .00001103  00000-0  33518-4 0  9997
2 00098 63.00000 135.7036 0003481 299.7327 252.3331 15.05527065  1778
Starlink 99
1 00099U 19029BR  20219.59692852  .00001103  00000-0  33518-4 0  9998
2 00099 63.00000 135.7036 0003481 299.7327 288.3331 15.05527065  1778
Starlink 100
1 00100U 19029BR  20219.59692852  .00001103  00000-0  33518-4 0  9991
2 00100 63.00000 135.7036 0003481 299.7327 324.3331 15.05527065  1772
Starlink 101
1 00101U 19029BR  20219.59692852  .00001103  00000-0  33518-4 0  9992
2 00101 63.00000 150.7036 0003481 299.7327   0.3331 15.05527065  1771
Starlink 102
1 00102U 19029BR  20219.59692852  .00001103  00000-0  33518-4 0  9993
2 00102 63.00000 150.7036 0003481 299.7327  36.3331 15.05527065  1771
Starlink 103
1 00103U 19029BR  20219.59692852  .00001103  00000-0  33518-4 0  9994
2 00103 63.00000 150.7036 0003481 299.7327  72.3331 15.05527065  1772
Starlink 104
1 00104U 19029BR  20219.59692852  .00001103  00000-0  33518-4 0  9995
2 00104 63.00000 150.7036 0003481 299.7327 108.3331 15.05527065  1773
Starlink 105
1 00105U 19029BR  20219.59692852  .00001103  00000-0  33518-4 0  9996
2 00105 63.00000 150.7036 0003481 299.7327 144.3331 15.05527065  1774
Starlink 106
1 00106U 19029BR  20219.59692852  .00001103  00000-0  33518-4 0  9997
2 00106 63.00000 150.7036 0003481 299.7327 180.3331 15.05527065  1775
Starlink 107
1 00107U 19029BR  20219.59692852  .00001103  00000-0  33518-4 0  9998
2 00107 63.00000 150.7036 0003481 299.7327 216.3331 15.05527065  1776
Starlink 108
1 00108U 19029BR  20219.59692852  .00001103  00000-0  33518-4 0  9999
2 00108 63.00000 150.7036 0003481 299.7327 252.3331 15.05527065  1777
Starlink 109
1 00109U 19029BR  20219.59692852  .00001103  00000-0  33518-4 0  9990
2 00109 63.00000 150.7036 0003481 299.7327 288.3331 15.05527065  1777
Starlink 110
1 00110U 19029BR  20219.59692852  .00001103  00000-0  33518-4 0  9992
2 00110 63.00000 150.7036 0003481 299.7327 324.3331 15.05527065  1770
Starlink 111
1 00111U 19029BR  20219.59692852  .00001103  00000-0  33518-4 0  9993
2 00111 63.00000 165.7036 0003481 299.7327   0.3331 15.05527065  1778
Starlink 112
1 00112U 19029BR  20219.59692852  .00001103  00000-0  33518-4 0  9994
2 00112 63.00000 165.7036 0003481 299.7327  36.3331 15.05527065  1778
Starlink 113
1 00113U 19029BR  20219.59692852  .00001103  00000-0  33518-4 0  9995
2 00113 63.00000 165.7036 0003481 299.7327  72.3331 15.05527065  1779
Starlink 114
1 00114U 19029BR  20219.59692852  .00001103  00000-0  33518-4 0  9996
2 00114 63.00000 165.7036 0003481 299.7327 108.3331 15.05527065  1770
Starlink 115
1 00115U 19029BR  20219.59692852  .00001103  00000-0  33518-4 0  9997
2 00115 63.00000 165.7036 0003481 299.7327 144.3331 15.05527065  1771
Starlink 116
1 00116U 19029BR  20219.59692852  .00001103  00000-0  33518-4 0  9998
2 00116 63.00000 165.7036 0003481 299.7327 180.3331 15.05527065  1772
Starlink 117
1 00117U 19029BR  20219.59692852  .00001103  00000-0  33518-4 0  9999
2 00117 63.00000 165.7036 0003481 299.7327 216.3331 15.05527065  1773
Starlink 118
1 00118U 19029BR  20219.59692852  .00001103  00000-0  33518-4 0  9990
2 00118 63.00000 165.7036 0003481 299.7327 252.3331 15.05527065  1774
Starlink 119
1 00119U 19029BR  20219.59692852  .00001103  00000-0  33518-4 0  9991
2 00119 63.00000 165.7036 0003481 299.7327 288.3331 15.05527065  1774
Starlink 120
1 00120U 19029BR  20219.59692852  .00001103  00000-0  33518-4 0  9993
2 00120 63.00000 165.7036 0003481 299.7327 324.3331 15.05527065  1777
Starlink 121
1 00121U 19029BR  20219.59692852  .00001103  00000-0  33518-4 0  9994
2 00121 63.00000 180.7036 0003481 299.7327   0.3331 15.05527065  1776
Starlink 122
1 00122U 19029BR  20219.59692852  .00001103  00000-0  33518-4 0  9995
2 00122 63.00000 180.7036 0003481 299.7327  36.3331 15.05527065  1776
Starlink 123
1 00123U 19029BR  20219.59692852  .00001103  00000-0  33518-4 0  9996
2 00123 63.00000 180.7036 0003481 299.7327  72.3331 15.05527065  1777
Starlink 124
1 00124U 19029BR  20219.59692852  .00001103  00000-0  33518-4 0  9997
2 00124 63.00000 180.7036 0003481 299.7327 108.3331 15.05527065  1778
Starlink 125
1 00125U 19029BR  20219.59692852  .00001103  00000-0  33518-4 0  9998
2 00125 63.00000 180.7036 0003481 299.7327 144.3331 15.05527065  1779
Starlink 126
1 00126U 19029BR  20219.59692852  .00001103  00000-0  33518-4 0  9999
2 00126 63.00000 180.7036 0003481 299.7327 180.3331 15.05527065  1770
Starlink 127
1 00127U 19029BR  20219.59692852  .00001103  00000-0  33518-4 0  9990
2 00127 63.00000 180.7036 0003481 299.7327 216.3331 15.05527065  1771
Starlink 128
1 00128U 19029BR  20219.59692852  .00001103  00000-0  33518-4 0  9991
2 00128 63.00000 180.7036 0003481 299.7327 252.3331 15.05527065  1772
Starlink 129
1 00129U 19029BR  20219.59692852  .00001103  00000-0  33518-4 0  9992
2 00129 63.00000 180.7036 0003481 299.7327 288.3331 15.05527065  1772
Starlink 130
1 00130U 19029BR  20219.59692852  .00001103  00000-0  33518-4 0  9994
2 00130 63.00000 180.7036 0003481 299.7327 324.3331 15.05527065  1775
Starlink 131
1 00131U 19029BR  20219.59692852  .00001103  00000-0  33518-4 0  9995
2 00131 63.00000 195.7036 0003481 299.7327   0.3331 15.05527065  1773
Starlink 132
1 00132U 19029BR  20219.59692852  .00001103  00000-0  33518-4 0  9996
2 00132 63.00000 195.7036 0003481 299.7327  36.3331 15.05527065  1773
Starlink 133
1 00133U 19029BR  20219.59692852  .00001103  00000-0  33518-4 0  9997
2 00133 63.00000 195.7036 0003481 299.7327  72.3331 15.05527065  1774
Starlink 134
1 00134U 19029BR  20219.59692852  .00001103  00000-0  33518-4 0  9998
2 00134 63.00000 195.7036 0003481 299.7327 108.3331 15.05527065  1775
Starlink 135
1 00135U 19029BR  20219.59692852  .00001103  00000-0  33518-4 0  9999
2 00135 63.00000 195.7036 0003481 299.7327 144.3331 15.05527065  1776
Starlink 136
1 00136U 19029BR  20219.59692852  .00001103  00000-0  33518-4 0  9990
2 00136 63.00000 195.7036 0003481 299.7327 180.3331 15.05527065  1777
Starlink 137
1 00137U 19029BR  20219.59692852  .00001103  00000-0  33518-4 0  9991
2 00137 63.00000 195.7036 0003481 299.7327 216.3331 15.05527065  1778
Starlink 138
1 00138U 19029BR  20219.59692852  .00001103  00000-0  33518-4 0  9992
2 00138 63.00000 195.7036 0003481 299.7327 252.3331 15.05527065  1779
Starlink 139
1 00139U 19029BR  20219.59692852  .00001103  00000-0  33518-4 0  9993
2 00139 63.00000 195.7036 0003481 299.7327 288.3331 15.05527065  1779
Starlink 140
1 00140U 19029BR  20219.59692852  .00001103  00000-0  33518-4 0  9995
2 00140 63.00000 195.7036 0003481 299.7327 324.3331 15.05527065  1772
Starlink 141
1 00141U 19029BR  20219.59692852  .00001103  00000-0  33518-4 0  9996
2 00141 63.00000 210.7036 0003481 299.7327   0.3331 15.05527065  1772
Starlink 142
1 00142U 19029BR  20219.59692852  .00001103  00000-0  33518-4 0  9997
2 00142 63.00000 210.7036 0003481 299.7327  36.3331 15.05527065  1772
Starlink 143
1 00143U 19029BR  20219.59692852  .00001103  00000-0  33518-4 0  9998
2 00143 63.00000 210.7036 0003481 299.7327  72.3331 15.05527065  1773
Starlink 144
1 00144U 19029BR  20219.59692852  .00001103  00000-0  33518-4 0  9999
2 00144 63.00000 210.7036 0003481 299.7327 108.3331 15.05527065  1774
Starlink 145
1 00145U 19029BR  20219.59692852  .00001103  00000-0  33518-4 0  9990
2 00145 63.00000 210.7036 0003481 299.7327 144.3331 15.05527065  1775
Starlink 146
1 00146U 19029BR  20219.59692852  .00001103  00000-0  33518-4 0  9991
2 00146 63.00000 210.7036 0003481 299.7327 180.3331 15.05527065  1776
Starlink 147
1 00147U 19029BR  20219.59692852  .00001103  00000-0  33518-4 0  9992
2 00147 63.00000 210.7036 0003481 299.7327 216.3331 15.05527065  1777
Starlink 148
1 00148U 19029BR  20219.59692852  .00001103  00000-0  33518-4 0  9993
2 00148 63.00000 210.7036 0003481 299.7327 252.3331 15.05527065  1778
Starlink 149
1 00149U 19029BR  20219.59692852  .00001103  00000-0  33518-4 0  9994
2 00149 63.00000 210.7036 0003481 299.7327 288.3331 15.05527065  1778
Starlink 150
1 00150U 19029BR  20219.59692852  .00001103  00000-0  33518-4 0  9996
2 00150 63.00000 210.7036 0003481 299.7327 324.3331 15.05527065  1771
Starlink 151
1 00151U 19029BR  20219.59692852  .00001103  00000-0  33518-4 0  9997
2 00151 63.00000 225.7036 0003481 299.7327   0.3331 15.05527065  1779
Starlink 152
1 00152U 19029BR  20219.59692852  .00001103  00000-0  33518-4 0  9998
2 00152 63.00000 225.7036 0003481 299.7327  36.3331 15.05527065  1779
Starlink 153
1 00153U 19029BR  20219.59692852  .00001103  00000-0  33518-4 0  9999
2 00153 63.00000 225.7036 0003481 299.7327  72.3331 15.05527065  1770
Starlink 154
1 00154U 19029BR  20219.59692852  .00001103  00000-0  33518-4 0  9990
2 00154 63.00000 225.7036 0003481 299.7327 108.3331 15.05527065  1771
Starlink 155
1 00155U 19029BR  20219.59692852  .00001103  00000-0  33518-4 0  9991
2 00155 63.00000 225.7036 0003481 299.7327 144.3331 15.05527065  1772
Starlink 156
1 00156U 19029BR  20219.59692852  .00001103  00000-0  33518-4 0  9992
2 00156 63.00000 225.7036 0003481 299.7327 180.3331 15.05527065  1773
Starlink 157
1 00157U 19029BR  20219.59692852  .00001103  00000-0  33518-4 0  9993
2 00157 63.00000 225.7036 0003481 299.7327 216.3331 15.05527065  1774
Starlink 158
1 00158U 19029BR  20219.59692852  .00001103  00000-0  33518-4 0  9994
2 00158 63.00000 225.7036 0003481 299.7327 252.3331 15.05527065  1775
Starlink 159
1 00159U 19029BR  20219.59692852  .00001103  00000-0  33518-4 0  9995
2 00159 63.00000 225.7036 0003481 299.7327 288.3331 15.05527065  1775
Starlink 160
1 00160U 19029BR  20219.59692852  .00001103  00000-0  33518-4 0  9997
2 00160 63.00000 225.7036 0003481 299.7327 324.3331 15.05527065  1778
Starlink 161
1 00161U 19029BR  20219.59692852  .00001103  00000-0  33518-4 0  9998
2 00161 63.00000 240.7036 0003481 299.7327   0.3331 15.05527065  1777
Starlink 162
1 00162U 19029BR  20219.59692852  .00001103  00000-0  33518-4 0  9999
2 00162 63.00000 240.7036 0003481 299.7327  36.3331 15.05527065  1777
Starlink 163
1 00163U 19029BR  20219.59692852  .00001103  00000-0  33518-4 0  9990
2 00163 63.00000 240.7036 0003481 299.7327  72.3331 15.05527065  1778
Starlink 164
1 00164U 19029BR  20219.59692852  .00001103  00000-0  33518-4 0  9991
2 00164 63.00000 240.7036 0003481 299.7327 108.3331 15.05527065  1779
Starlink 165
1 00165U 19029BR  20219.59692852  .00001103  00000-0  33518-4 0  9992
2 00165 63.00000 240.7036 0003481 299.7327 144.3331 15.05527065  1770
Starlink 166
1 00166U 19029BR  20219.59692852  .00001103  00000-0  33518-4 0  9993
2 00166 63.00000 240.7036 0003481 299.7327 180.3331 15.05527065  1771
Starlink 167
1 00167U 19029BR  20219.59692852  .00001103  00000-0  33518-4 0  9994
2 00167 63.00000 240.7036 0003481 299.7327 216.3331 15.05527065  1772
Starlink 168
1 00168U 19029BR  20219.59692852  .00001103  00000-0  33518-4 0  9995
2 00168 63.00000 240.7036 0003481 299.7327 252.3331 15.05527065  1773
Starlink 169
1 00169U 19029BR  20219.59692852  .00001103  00000-0  33518-4 0  9996
2 00169 63.00000 240.7036 0003481 299.7327 288.3331 15.05527065  1773
Starlink 170
1 00170U 19029BR  20219.59692852  .00001103  00000-0  33518-4 0  9998
2 00170 63.00000 240.7036 0003481 299.7327 324.3331 15.05527065  1776
Starlink 171
1 00171U 19029BR  20219.59692852  .00001103  00000-0  33518-4 0  9999
2 00171 63.00000 255.7036 0003481 299.7327   0.3331 15.05527065  1774
Starlink 172
1 00172U 19029BR  20219.59692852  .00001103  00000-0  33518-4 0  9990
2 00172 63.00000 255.7036 0003481 299.7327  36.3331 15.05527065  1774
Starlink 173
1 00173U 19029BR  20219.59692852  .00001103  00000-0  33518-4 0  9991
2 00173 63.00000 255.7036 0003481 299.7327  72.3331 15.05527065  1775
Starlink 174
1 00174U 19029BR  20219.59692852  .00001103  00000-0  33518-4 0  9992
2 00174 63.00000 255.7036 0003481 299.7327 108.3331 15.05527065  1776
Starlink 175
1 00175U 19029BR  20219.59692852  .00001103  00000-0  33518-4 0  9993
2 00175 63.00000 255.7036 0003481 299.7327 144.3331 15.05527065  1777
Starlink 176
1 00176U 19029BR  20219.59692852  .00001103  00000-0  33518-4 0  9994
2 00176 63.00000 255.7036 0003481 299.7327 180.3331 15.05527065  1778
Starlink 177
1 00177U 19029BR  20219.59692852  .00001103  00000-0  33518-4 0  9995
2 00177 63.00000 255.7036 0003481 299.7327 216.3331 15.05527065  1779
Starlink 178
1 00178U 19029BR  20219.59692852  .00001103  00000-0  33518-4 0  9996
2 00178 63.00000 255.7036 0003481 299.7327 252.3331 15.05527065  1770
Starlink 179
1 00179U 19029BR  20219.59692852  .00001103  00000-0  33518-4 0  9997
2 00179 63.00000 255.7036 0003481 299.7327 288.3331 15.05527065  1770
Starlink 180
1 00180U 19029BR  20219.59692852  .00001103  00000-0  33518-4 0  9999
2 00180 63.00000 255.7036 0003481 299.7327 324.3331 15.05527065  1773
Starlink 181
1 00181U 19029BR  20219.59692852  .00001103  00000-0  33518-4 0  9990
2 00181 63.00000 270.7036 0003481 299.7327   0.3331 15.05527065  1772
Starlink 182
1 00182U 19029BR  20219.59692852  .00001103  00000-0  33518-4 0  9991
2 00182 63.00000 270.7036 0003481 299.7327  36.3331 15.05527065  1772
Starlink 183
1 00183U 19029BR  20219.59692852  .00001103  00000-0  33518-4 0  9992
2 00183 63.00000 270.7036 0003481 299.7327  72.3331 15.05527065  1773
Starlink 184
1 00184U 19029BR  20219.59692852  .00001103  00000-0  33518-4 0  9993
2 00184 63.00000 270.7036 0003481 299.7327 108.3331 15.05527065  1774
Starlink 185
1 00185U 19029BR  20219.59692852  .00001103  00000-0  33518-4 0  9994
2 00185 63.00000 270.7036 0003481 299.7327 144.3331 15.05527065  1775
Starlink 186
1 00186U 19029BR  20219.59692852  .00001103  00000-0  33518-4 0  9995
2 00186 63.00000 270.7036 0003481 299.7327 180.3331 15.05527065  1776
Starlink 187
1 00187U 19029BR  20219.59692852  .00001103  00000-0  33518-4 0  9996
2 00187 63.00000 270.7036 0003481 299.7327 216.3331 15.05527065  1777
Starlink 188
1 00188U 19029BR  20219.59692852  .00001103  00000-0  33518-4 0  9997
2 00188 63.00000 270.7036 0003481 299.7327 252.3331 15.05527065  1778
Starlink 189
1 00189U 19029BR  20219.59692852  .00001103  00000-0  33518-4 0  9998
2 00189 63.00000 270.7036 0003481 299.7327 288.3331 15.05527065  1778
Starlink 190
1 00190U 19029BR  20219.59692852  .00001103  00000-0  33518-4 0  9990
2 00190 63.00000 270.7036 0003481 299.7327 324.3331 15.05527065  1771
Starlink 191
1 00191U 19029BR  20219.59692852  .00001103  00000-0  33518-4 0  9991
2 00191 63.00000 285.7036 0003481 299.7327   0.3331 15.05527065  1779
Starlink 192
1 00192U 19029BR  20219.59692852  .00001103  00000-0  33518-4 0  9992
2 00192 63.00000 285.7036 0003481 299.7327  36.3331 15.05527065  1779
Starlink 193
1 00193U 19029BR  20219.59692852  .00001103  00000-0  33518-4 0  9993
2 00193 63.00000 285.7036 0003481 299.7327  72.3331 15.05527065  1770
Starlink 194
1 00194U 19029BR  20219.59692852  .00001103  00000-0  33518-4 0  9994
2 00194 63.00000 285.7036 0003481 299.7327 108.3331 15.05527065  1771
Starlink 195
1 00195U 19029BR  20219.59692852  .00001103  00000-0  33518-4 0  9995
2 00195 63.00000 285.7036 0003481 299.7327 144.3331 15.05527065  1772
Starlink 196
1 00196U 19029BR  20219.59692852  .00001103  00000-0  33518-4 0  9996
2 00196 63.00000 285.7036 0003481 299.7327 180.3331 15.05527065  1773
Starlink 197
1 00197U 19029BR  20219.59692852  .00001103  00000-0  33518-4 0  9997
2 00197 63.00000 285.7036 0003481 299.7327 216.3331 15.05527065  1774
Starlink 198
1 00198U 19029BR  20219.59692852  .00001103  00000-0  33518-4 0  9998
2 00198 63.00000 285.7036 0003481 299.7327 252.3331 15.05527065  1775
Starlink 199
1 00199U 19029BR  20219.59692852  .00001103  00000-0  33518-4 0  9999
2 00199 63.00000 285.7036 0003481 299.7327 288.3331 15.05527065  1775
Starlink 200
1 00200U 19029BR  20219.59692852  .00001103  00000-0  33518-4 0  9992
2 00200 63.00000 285.7036 0003481 299.7327 324.3331 15.05527065  1779
Starlink 201
1 00201U 19029BR  20219.59692852  .00001103  00000-0  33518-4 0  9993
2 00201 63.00000 300.7036 0003481 299.7327   0.3331 15.05527065  1779
Starlink 202
1 00202U 19029BR  20219.59692852  .00001103  00000-0  33518-4 0  9994
2 00202 63.00000 300.7036 0003481 299.7327  36.3331 15.05527065  1779
Starlink 203
1 00203U 19029BR  20219.59692852  .00001103  00000-0  33518-4 0  9995
2 00203 63.00000 300.7036 0003481 299.7327  72.3331 15.05527065  1770
Starlink 204
1 00204U 19029BR  20219.59692852  .00001103  00000-0  33518-4 0  9996
2 00204 63.00000 300.7036 0003481 299.7327 108.3331 15.05527065  1771
Starlink 205
1 00205U 19029BR  20219.59692852  .00001103  00000-0  33518-4 0  9997
2 00205 63.00000 300.7036 0003481 299.7327 144.3331 15.05527065  1772
Starlink 206
1 00206U 19029BR  20219.59692852  .00001103  00000-0  33518-4 0  9998
2 00206 63.00000 300.7036 0003481 299.7327 180.3331 15.05527065  1773
Starlink 207
1 00207U 19029BR  20219.59692852  .00001103  00000-0  33518-4 0  9999
2 00207 63.00000 300.7036 0003481 299.7327 216.3331 15.05527065  1774
Starlink 208
1 00208U 19029BR  20219.59692852  .00001103  00000-0  33518-4 0  9990
2 00208 63.00000 300.7036 0003481 299.7327 252.3331 15.05527065  1775
Starlink 209
1 00209U 19029BR  20219.59692852  .00001103  00000-0  33518-4 0  9991
2 00209 63.00000 300.7036 0003481 299.7327 288.3331 15.05527065  1775
Starlink 210
1 00210U 19029BR  20219.59692852  .00001103  00000-0  33518-4 0  9993
2 00210 63.00000 300.7036 0003481 299.7327 324.3331 15.05527065  1778
Starlink 211
1 00211U 19029BR  20219.59692852  .00001103  00000-0  33518-4 0  9994
2 00211 63.00000 315.7036 0003481 299.7327   0.3331 15.05527065  1776
Starlink 212
1 00212U 19029BR  20219.59692852  .00001103  00000-0  33518-4 0  9995
2 00212 63.00000 315.7036 0003481 299.7327  36.3331 15.05527065  1776
Starlink 213
1 00213U 19029BR  20219.59692852  .00001103  00000-0  33518-4 0  9996
2 00213 63.00000 315.7036 0003481 299.7327  72.3331 15.05527065  1777
Starlink 214
1 00214U 19029BR  20219.59692852  .00001103  00000-0  33518-4 0  9997
2 00214 63.00000 315.7036 0003481 299.7327 108.3331 15.05527065  1778
Starlink 215
1 00215U 19029BR  20219.59692852  .00001103  00000-0  33518-4 0  9998
2 00215 63.00000 315.7036 0003481 299.7327 144.3331 15.05527065  1779
Starlink 216
1 00216U 19029BR  20219.59692852  .00001103  00000-0  33518-4 0  9999
2 00216 63.00000 315.7036 0003481 299.7327 180.3331 15.05527065  1770
Starlink 217
1 00217U 19029BR  20219.59692852  .00001103  00000-0  33518-4 0  9990
2 00217 63.00000 315.7036 0003481 299.7327 216.3331 15.05527065  1771
Starlink 218
1 00218U 19029BR  20219.59692852  .00001103  00000-0  33518-4 0  9991
2 00218 63.00000 315.7036 0003481 299.7327 252.3331 15.05527065  1772
Starlink 219
1 00219U 19029BR  20219.59692852  .00001103  00000-0  33518-4 0  9992
2 00219 63.00000 315.7036 0003481 299.7327 288.3331 15.05527065  1772
Starlink 220
1 00220U 19029BR  20219.59692852  .00001103  00000-0  33518-4 0  9994
2 00220 63.00000 315.7036 0003481 299.7327 324.3331 15.05527065  1775
Starlink 221
1 00221U 19029BR  20219.59692852  .00001103  00000-0  33518-4 0  9995
2 00221 63.00000 330.7036 0003481 299.7327   0.3331 15.05527065  1774
Starlink 222
1 00222U 19029BR  20219.59692852  .00001103  00000-0  33518-4 0  9996
2 00222 63.00000 330.7036 0003481 299.7327  36.3331 15.05527065  1774
Starlink 223
1 00223U 19029BR  20219.59692852  .00001103  00000-0  33518-4 0  9997
2 00223 63.00000 330.7036 0003481 299.7327  72.3331 15.05527065  1775
Starlink 224
1 00224U 19029BR  20219.59692852  .00001103  00000-0  33518-4 0  9998
2 00224 63.00000 330.7036 0003481 299.7327 108.3331 15.05527065  1776
Starlink 225
1 00225U 19029BR  20219.59692852  .00001103  00000-0  33518-4 0  9999
2 00225 63.00000 330.7036 0003481 299.7327 144.3331 15.05527065  1777
Starlink 226
1 00226U 19029BR  20219.59692852  .00001103  00000-0  33518-4 0  9990
2 00226 63.00000 330.7036 0003481 299.7327 180.3331 15.05527065  1778
Starlink 227
1 00227U 19029BR  20219.59692852  .00001103  00000-0  33518-4 0  9991
2 00227 63.00000 330.7036 0003481 299.7327 216.3331 15.05527065  1779
Starlink 228
1 00228U 19029BR  20219.59692852  .00001103  00000-0  33518-4 0  9992
2 00228 63.00000 330.7036 0003481 299.7327 252.3331 15.05527065  1770
Starlink 229
1 00229U 19029BR  20219.59692852  .00001103  00000-0  33518-4 0  9993
2 00229 63.00000 330.7036 0003481 299.7327 288.3331 15.05527065  1770
Starlink 230
1 00230U 19029BR  20219.59692852  .00001103  00000-0  33518-4 0  9995
2 00230 63.00000 330.7036 0003481 299.7327 324.3331 15.05527065  1773
Starlink 231
1 00231U 19029BR  20219.59692852  .00001103  00000-0  33518-4 0  9996
2 00231 63.00000 345.7036 0003481 299.7327   0.3331 15.05527065  1771
Starlink 232
1 00232U 19029BR  20219.59692852  .00001103  00000-0  33518-4 0  9997
2 00232 63.00000 345.7036 0003481 299.7327  36.3331 15.05527065  1771
Starlink 233
1 00233U 19029BR  20219.59692852  .00001103  00000-0  33518-4 0  9998
2 00233 63.00000 345.7036 0003481 299.7327  72.3331 15.05527065  1772
Starlink 234
1 00234U 19029BR  20219.59692852  .00001103  00000-0  33518-4 0  9999
2 00234 63.00000 345.7036 0003481 299.7327 108.3331 15.05527065  1773
Starlink 235
1 00235U 19029BR  20219.59692852  .00001103  00000-0  33518-4 0  9990
2 00235 63.00000 345.7036 0003481 299.7327 144.3331 15.05527065  1774
Starlink 236
1 00236U 19029BR  20219.59692852  .00001103  00000-0  33518-4 0  9991
2 00236 63.00000 345.7036 0003481 299.7327 180.3331 15.05527065  1775
Starlink 237
1 00237U 19029BR  20219.59692852  .00001103  00000-0  33518-4 0  9992
2 00237 63.00000 345.7036 0003481 299.7327 216.3331 15.05527065  1776
Starlink 238
1 00238U 19029BR  20219.59692852  .00001103  00000-0  33518-4 0  9993
2 00238 63.00000 345.7036 0003481 299.7327 252.3331 15.05527065  1777
Starlink 239
1 00239U 19029BR  20219.59692852  .00001103  00000-0  33518-4 0  9994
2 00239 63.00000 345.7036 0003481 299.7327 288.3331 15.05527065  1777
Starlink 240
1 00240U 19029BR  20219.59692852  .00001103  00000-0  33518-4 0  9996
2 00240 63.00000 345.7036 0003481 299.7327 324.3331 15.05527065  1770