Starlink 1
1 00001U 19029BR  20220.59692852  .00001103  00000-0  33518-4 0  9993
2 00001 63.00000   0.7036 0003481 299.7327   0.3331 15.05527065  1774
Starlink 2
1 00002U 19029BR  20220.59692852  .00001103  00000-0  33518-4 0  9994
2 00002 63.00000   0.7036 0003481 299.7327  18.3331 15.05527065  1774
Starlink 3
1 00003U 19029BR  20220.59692852  .00001103  00000-0  33518-4 0  9995
2 00003 63.00000   0.7036 0003481 299.7327  36.3331 15.05527065  1775
Starlink 4
1 00004U 19029BR  20220.59692852  .00001103  00000-0  33518-4 0  9996
2 00004 63.00000   0.7036 0003481 299.7327  54.3331 15.05527065  1776
Starlink 5
1 00005U 19029BR  20220.59692852  .00001103  00000-0  33518-4 0  9997
2 00005 63.00000   0.7036 0003481 299.7327  72.3331 15.05527065  1777
Starlink 6
1 00006U 19029BR  20220.59692852  .00001103  00000-0  33518-4 0  9998
2 00006 63.00000   0.7036 0003481 299.7327  90.3331 15.05527065  1778
Starlink 7
1 00007U 19029BR  20220.59692852  .00001103  00000-0  33518-4 0  9999
2 00007 63.00000   0.7036 0003481 299.7327 108.3331 15.05527065  1779
Starlink 8
1 00008U 19029BR  20220.59692852  .00001103  00000-0  33518-4 0  9990
2 00008 63.00000   0.7036 0003481 299.7327 126.3331 15.05527065  1770
Starlink 9
1 00009U 19029BR  20220.59692852  .00001103  00000-0  33518-4 0  9991
2 00009 63.00000   0.7036 0003481 299.7327 144.3331 15.05527065  1771
Starlink 10
1 00010U 19029BR  20220.59692852  .00001103  00000-0  33518-4 0  9993
2 00010 63.00000   0.7036 0003481 299.7327 162.3331 15.05527065  1773
Starlink 11
1 00011U 19029BR  20220.59692852  .00001103  00000-0  33518-4 0  9994
2 00011 63.00000   0.7036 0003481 299.7327 180.3331 15.05527065  1774
Starlink 12
1 00012U 19029BR  20220.59692852  .00001103  00000-0  33518-4 0  9995
2 00012 63.00000   0.7036 0003481 299.7327 198.3331 15.05527065  1774
Starlink 13
1 00013U 19029BR  20220.59692852  .00001103  00000-0  33518-4 0  9996
2 00013 63.00000   0.7036 0003481 299.7327 216.3331 15.05527065  1776
Starlink 14
1 00014U 19029BR  20220.59692852  .00001103  00000-0  33518-4 0  9997
2 00014 63.00000   0.7036 0003481 299.7327 234.3331 15.05527065  1777
Starlink 15
1 00015U 19029BR  20220.59692852  .00001103  00000-0  33518-4 0  9998
2 00015 63.00000   0.7036 0003481 299.7327 252.3331 15.05527065  1778
Starlink 16
1 00016U 19029BR  20220.59692852  .00001103  00000-0  33518-4 0  9999
2 00016 63.00000   0.7036 0003481 299.7327 270.3331 15.05527065  1779
Starlink 17
1 00017U 19029BR  20220.59692852  .00001103  00000-0  33518-4 0  9990
2 00017 63.00000   0.7036 0003481 299.7327 288.3331 15.05527065  1779
Starlink 18
1 00018U 19029BR  20220.59692852  .00001103  00000-0  33518-4 0  9991
2 00018 63.00000   0.7036 0003481 299.7327 306.3331 15.05527065  1771
Starlink 19
1 00019U 19029BR  20220.59692852  .00001103  00000-0  33518-4 0  9992
2 00019 63.00000   0.7036 0003481 299.7327 324.3331 15.05527065  1772
Starlink 20
1 00020U 19029BR  20220.59692852  .00001103  00000-0  33518-4 0  9994
2 00020 63.00000   0.7036 0003481 299.7327 342.3331 15.05527065  1774
Starlink 21
1 00021U 19029BR  20220.59692852  .00001103  00000-0  33518-4 0  9995
2 00021 63.00000  15.7036 0003481 299.7327   0.3331 15.05527065  1772
Starlink 22
1 00022U 19029BR  20220.59692852  .00001103  00000-0  33518-4 0  9996
2 00022 63.00000  15.7036 0003481 299.7327  18.3331 15.05527065  1772
Starlink 23
1 00023U 19029BR  20220.59692852  .00001103  00000-0  33518-4 0  9997
2 00023 63.00000  15.7036 0003481 299.7327  36.3331 15.05527065  1773
Starlink 24
1 00024U 19029BR  20220.59692852  .00001103  00000-0  33518-4 0  9998
2 00024 63.00000  15.7036 0003481 299.7327  54.3331 15.05527065  1774
Starlink 25
1 00025U 19029BR  20220.59692852  .00001103  00000-0  33518-4 0  9999
2 00025 63.00000  15.7036 0003481 299.7327  72.3331 15.05527065  1775
Starlink 26
1 00026U 19029BR  20220.59692852  .00001103  00000-0  33518-4 0  9990
2 00026 63.00000  15.7036 0003481 299.7327  90.3331 15.05527065  1776
Starlink 27
1 00027U 19029BR  20220.59692852  .00001103  00000-0  33518-4 0  9991
2 00027 63.00000  15.7036 0003481 299.7327 108.3331 15.05527065  1777
Starlink 28
1 00028U 19029BR  20220.59692852  .00001103  00000-0  33518-4 0  9992
2 00028 63.00000  15.7036 0003481 299.7327 126.3331 15.05527065  1778
Starlink 29
1 00029U 19029BR  20220.59692852  .00001103  00000-0  33518-4 0  9993
2 00029 63.00000  15.7036 0003481 299.7327 144.3331 15.05527065  1779
Starlink 30
1 00030U 19029BR  20220.59692852  .00001103  00000-0  33518-4 0  9995
2 00030 63.00000  15.7036 0003481 299.7327 162.3331 15.05527065  1771
Starlink 31
1 00031U 19029BR  20220.59692852  .00001103  00000-0  33518-4 0  9996
2 00031 63.00000  15.7036 0003481 299.7327 180.3331 15.05527065  1772
Starlink 32
1 00032U 19029BR  20220.59692852  .00001103  00000-0  33518-4 0  9997
2 00032 63.00000  15.7036 0003481 299.7327 198.3331 15.05527065  1772
Starlink 33
1 00033U 19029BR  20220.59692852  .00001103  00000-0  33518-4 0  9998
2 00033 63.00000  15.7036 0003481 299.7327 216.3331 15.05527065  1774
Starlink 34
1 00034U 19029BR  20220.59692852  .00001103  00000-0  33518-4 0  9999
2 00034 63.00000  15.7036 0003481 299.7327 234.3331 15.05527065  1775
Starlink 35
1 00035U 19029BR  20220.59692852  .00001103  00000-0  33518-4 0  9990
2 00035 63.00000  15.7036 0003481 299.7327 252.3331 15.05527065  1776
Starlink 36
1 00036U 19029BR  20220.59692852  .00001103  00000-0  33518-4 0  9991
2 00036 63.00000  15.7036 0003481 299.7327 270.3331 15.05527065  1777
Starlink 37
1 00037U 19029BR  20220.59692852  .00001103  00000-0  33518-4 0  9992
2 00037 63.00000  15.7036 0003481 299.7327 288.3331 15.05527065  1777
Starlink 38
1 00038U 19029BR  20220.59692852  .00001103  00000-0  33518-4 0  9993
2 00038 63.00000  15.7036 0003481 299.7327 306.3331 15.05527065  1779
Starlink 39
1 00039U 19029BR  20220.59692852  .00001103  00000-0  33518-4 0  9994
2 00039 63.00000  15.7036 0003481 299.7327 324.3331 15.05527065  1770
Starlink 40
1 00040U 19029BR  20220.59692852  .00001103  00000-0  33518-4 0  9996
2 00040 63.00000  15.7036 0003481 299.7327 342.3331 15.05527065  1772
Starlink 41
1 00041U 19029BR  20220.59692852  .00001103  00000-0  33518-4 0  9997
2 00041 63.00000  30.7036 0003481 299.7327   0.3331 15.05527065  1771
Starlink 42
1 00042U 19029BR  20220.59692852  .00001103  00000-0  33518-4 0  9998
2 00042 63.00000  30.7036 0003481 299.7327  18.3331 15.05527065  1771
Starlink 43
1 00043U 19029BR  20220.59692852  .00001103  00000-0  33518-4 0  9999
2 00043 63.00000  30.7036 0003481 299.7327  36.3331 15.05527065  1772
Starlink 44
1 00044U 19029BR  20220.59692852  .00001103  00000-0  33518-4 0  9990
2 00044 63.00000  30.7036 0003481 299.7327  54.3331 15.05527065  1773
Starlink 45
1 00045U 19029BR  20220.59692852  .00001103  00000-0  33518-4 0  9991
2 00045 63.00000  30.7036 0003481 299.7327  72.3331 15.05527065  1774
Starlink 46
1 00046U 19029BR  20220.59692852  .00001103  00000-0  33518-4 0  9992
2 00046 63.00000  30.7036 0003481 299.7327  90.3331 15.05527065  1775
Starlink 47
1 00047U 19029BR  20220.59692852  .00001103  00000-0  33518-4 0  9993
2 00047 63.00000  30.7036 0003481 299.7327 108.3331 15.05527065  1776
Starlink 48
1 00048U 19029BR  20220.59692852  .00001103  00000-0  33518-4 0  9994
2 00048 63.00000  30.7036 0003481 299.7327 126.3331 15.05527065  1777
Starlink 49
1 00049U 19029BR  20220.59692852  .00001103  00000-0  33518-4 0  9995
2 00049 63.00000  30.7036 0003481 299.7327 144.3331 15.05527065  1778
Starlink 50
1 00050U 19029BR  20220.59692852  .00001103  00000-0  33518-4 0  9997
2 00050 63.00000  30.7036 0003481 299.7327 162.3331 15.05527065  1770
Starlink 51
1 00051U 19029BR  20220.59692852  .00001103  00000-0  33518-4 0  9998
2 00051 63.00000  30.7036 0003481 299.7327 180.3331 15.05527065  1771
Starlink 52
1 00052U 19029BR  20220.59692852  .00001103  00000-0  33518-4 0  9999
2 00052 63.00000  30.7036 0003481 299.7327 198.3331 15.05527065  1771
Starlink 53
1 00053U 19029BR  20220.59692852  .00001103  00000-0  33518-4 0  9990
2 00053 63.00000  30.7036 0003481 299.7327 216.3331 15.05527065  1773
Starlink 54
1 00054U 19029BR  20220.59692852  .00001103  00000-0  33518-4 0  9991
2 00054 63.00000  30.7036 0003481 299.7327 234.3331 15.05527065  1774
Starlink 55
1 00055U 19029BR  20220.59692852  .00001103  00000-0  33518-4 0  9992
2 00055 63.00000  30.7036 0003481 299.7327 252.3331 15.05527065  1775
Starlink 56
1 00056U 19029BR  20220.59692852  .00001103  00000-0  33518-4 0  9993
2 00056 63.00000  30.7036 0003481 299.7327 270.3331 15.05527065  1776
Starlink 57
1 00057U 19029BR  20220.59692852  .00001103  00000-0  33518-4 0  9994
2 00057 63.00000  30.7036 0003481 299.7327 288.3331 15.05527065  1776
Starlink 58
1 00058U 19029BR  20220.59692852  .00001103  00000-0  33518-4 0  9995
2 00058 63.00000  30.7036 0003481 299.7327 306.3331 15.05527065  1778
Starlink 59
1 00059U 19029BR  20220.59692852  .00001103  00000-0  33518-4 0  9996
2 00059 63.00000  30.7036 0003481 299.7327 324.3331 15.05527065  1779
Starlink 60
1 00060U 19029BR  20220.59692852  .00001103  00000-0  33518-4 0  9998
2 00060 63.00000  30.7036 0003481 299.7327 342.3331 15.05527065  1771
Starlink 61
1 00061U 19029BR  20220.59692852  .00001103  00000-0  33518-4 0  9999
2 00061 63.00000  45.7036 0003481 299.7327   0.3331 15.05527065  1779
Starlink 62
1 00062U 19029BR  20220.59692852  .00001103  00000-0  33518-4 0  9990
2 00062 63.00000  45.7036 0003481 299.7327  18.3331 15.05527065  1779
Starlink 63
1 00063U 19029BR  20220.59692852  .00001103  00000-0  33518-4 0  9991
2 00063 63.00000  45.7036 0003481 299.7327  36.3331 15.05527065  1770
Starlink 64
1 00064U 19029BR  20220.59692852  .00001103  00000-0  33518-4 0  9992
2 00064 63.00000  45.7036 0003481 299.7327  54.3331 15.05527065  1771
Starlink 65
1 00065U 19029BR  20220.59692852  .00001103  00000-0  33518-4 0  9993
2 00065 63.00000  45.7036 0003481 299.7327  72.3331 15.05527065  1772
Starlink 66
1 00066U 19029BR  20220.59692852  .00001103  00000-0  33518-4 0  9994
2 00066 63.00000  45.7036 0003481 299.7327  90.3331 15.05527065  1773
Starlink 67
1 00067U 19029BR  20220.59692852  .00001103  00000-0  33518-4 0  9995
2 00067 63.00000  45.7036 0003481 299.7327 108.3331 15.05527065  1774
Starlink 68
1 00068U 19029BR  20220.59692852  .00001103  00000-0  33518-4 0  9996
2 00068 63.00000  45.7036 0003481 299.7327 126.3331 15.05527065  1775
Starlink 69
1 00069U 19029BR  20220.59692852  .00001103  00000-0  33518-4 0  9997
2 00069 63.00000  45.7036 0003481 299.7327 144.3331 15.05527065  1776
Starlink 70
1 00070U 19029BR  20220.59692852  .00001103  00000-0  33518-4 0  9999
2 00070 63.00000  45.7036 0003481 299.7327 162.3331 15.05527065  1778
Starlink 71
1 00071U 19029BR  20220.59692852  .00001103  00000-0  33518-4 0  9990
2 00071 63.00000  45.7036 0003481 299.7327 180.3331 15.05527065  1779
Starlink 72
1 00072U 19029BR  20220.59692852  .00001103  00000-0  33518-4 0  9991
2 00072 63.00000  45.7036 0003481 299.7327 198.3331 15.05527065  1779
Starlink 73
1 00073U 19029BR  20220.59692852  .00001103  00000-0  33518-4 0  9992
2 00073 63.00000  45.7036 0003481 299.7327 216.3331 15.05527065  1771
Starlink 74
1 00074U 19029BR  20220.59692852  .00001103  00000-0  33518-4 0  9993
2 00074 63.00000  45.7036 0003481 299.7327 234.3331 15.05527065  1772
Starlink 75
1 00075U 19029BR  20220.59692852  .00001103  00000-0  33518-4 0  9994
2 00075 63.00000  45.7036 0003481 299.7327 252.3331 15.05527065  1773
Starlink 76
1 00076U 19029BR  20220.59692852  .00001103  00000-0  33518-4 0  9995
2 00076 63.00000  45.7036 0003481 299.7327 270.3331 15.05527065  1774
Starlink 77
1 00077U 19029BR  20220.59692852  .00001103  00000-0  33518-4 0  9996
2 00077 63.00000  45.7036 0003481 299.7327 288.3331 15.05527065  1774
Starlink 78
1 00078U 19029BR  20220.59692852  .00001103  00000-0  33518-4 0  9997
2 00078 63.00000  45.7036 0003481 299.7327 306.3331 15.05527065  1776
Starlink 79
1 00079U 19029BR  20220.59692852  .00001103  00000-0  33518-4 0  9998
2 00079 63.00000  45.7036 0003481 299.7327 324.3331 15.05527065  1777
Starlink 80
1 00080U 19029BR  20220.59692852  .00001103  00000-0  33518-4 0  9990
2 00080 63.00000  45.7036 0003481 299.7327 342.3331 15.05527065  1779
Starlink 81
1 00081U 19029BR  20220.59692852  .00001103  00000-0  33518-4 0  9991
2 00081 63.00000  60.7036 0003481 299.7327   0.3331 15.05527065  1778
Starlink 82
1 00082U 19029BR  20220.59692852  .00001103  00000-0  33518-4 0  9992
2 00082 63.00000  60.7036 0003481 299.7327  18.3331 15.05527065  1778
Starlink 83
1 00083U 19029BR  20220.59692852  .00001103  00000-0  33518-4 0  9993
2 00083 63.00000  60.7036 0003481 299.7327  36.3331 15.05527065  1779
Starlink 84
1 00084U 19029BR  20220.59692852  .00001103  00000-0  33518-4 0  9994
2 00084 63.00000  60.7036 0003481 299.7327  54.3331 15.05527065  1770
Starlink 85
1 00085U 19029BR  20220.59692852  .00001103  00000-0  33518-4 0  9995
2 00085 63.00000  60.7036 0003481 299.7327  72.3331 15.05527065  1771
Starlink 86
1 00086U 19029BR  20220.59692852  .00001103  00000-0  33518-4 0  9996
2 00086 63.00000  60.7036 0003481 299.7327  90.3331 15.05527065  1772
Starlink 87
1 00087U 19029BR  20220.59692852  .00001103  00000-0  33518-4 0  9997
2 00087 63.00000  60.7036 0003481 299.7327 108.3331 15.05527065  1773
Starlink 88
1 00088U 19029BR  20220.59692852  .00001103  00000-0  33518-4 0  9998
2 00088 63.00000  60.7036 0003481 299.7327 126.3331 15.05527065  1774
Starlink 89
1 00089U 19029BR  20220.59692852  .00001103  00000-0  33518-4 0  9999
2 00089 63.00000  60.7036 0003481 299.7327 144.3331 15.05527065  1775
Starlink 90
1 00090U 19029BR  20220.59692852  .00001103  00000-0  33518-4 0  9991
2 00090 63.00000  60.7036 0003481 299.7327 162.3331 15.05527065  1777
Starlink 91
1 00091U 19029BR  20220.59692852  .00001103  00000-0  33518-4 0  9992
2 00091 63.00000  60.7036 0003481 299.7327 180.3331 15.05527065  1778
Starlink 92
1 00092U 19029BR  20220.59692852  .00001103  00000-0  33518-4 0  9993
2 00092 63.00000  60.7036 0003481 299.7327 198.3331 15.05527065  1778
Starlink 93
1 00093U 19029BR  20220.59692852  .00001103  00000-0  33518-4 0  9994
2 00093 63.00000  60.7036 0003481 299.7327 216.3331 15.05527065  1770
Starlink 94
1 00094U 19029BR  20220.59692852  .00001103  00000-0  33518-4 0  9995
2 00094 63.00000  60.7036 0003481 299.7327 234.3331 15.05527065  1771
Starlink 95
1 00095U 19029BR  20220.59692852  .00001103  00000-0  33518-4 0  9996
2 00095 63.00000  60.7036 0003481 299.7327 252.3331 15.05527065  1772
Starlink 96
1 00096U 19029BR  20220.59692852  .00001103  00000-0  33518-4 0  9997
2 00096 63.00000  60.7036 0003481 299.7327 270.3331 15.05527065  1773
Starlink 97
1 00097U 19029BR  20220.59692852  .00001103  00000-0  33518-4 0  9998
2 00097 63.00000  60.7036 0003481 299.7327 288.3331 15.05527065  1773
Starlink 98
1 00098U 19029BR  20220.59692852  .00001103  00000-0  33518-4 0  9999
2 00098 63.00000  60.7036 0003481 299.7327 306.3331 15.05527065  1775
Starlink 99
1 00099U 19029BR  20220.59692852  .00001103  00000-0  33518-4 0  9990
2 00099 63.00000  60.7036 0003481 299.7327 324.3331 15.05527065  1776
Starlink 100
1 00100U 19029BR  20220.59692852  .00001103  00000-0  33518-4 0  9993
2 00100 63.00000  60.7036 0003481 299.7327 342.3331 15.05527065  1779
Starlink 101
1 00101U 19029BR  20220.59692852  .00001103  00000-0  33518-4 0  9994
2 00101 63.00000  75.7036 0003481 299.7327   0.3331 15.05527065  1777
Starlink 102
1 00102U 19029BR  20220.59692852  .00001103  00000-0  33518-4 0  9995
2 00102 63.00000  75.7036 0003481 299.7327  18.3331 15.05527065  1777
Starlink 103
1 00103U 19029BR  20220.59692852  .00001103  00000-0  33518-4 0  9996
2 00103 63.00000  75.7036 0003481 299.7327  36.3331 15.05527065  1778
Starlink 104
1 00104U 19029BR  20220.59692852  .00001103  00000-0  33518-4 0  9997
2 00104 63.00000  75.7036 0003481 299.7327  54.3331 15.05527065  1779
Starlink 105
1 00105U 19029BR  20220.59692852  .00001103  00000-0  33518-4 0  9998
2 00105 63.00000  75.7036 0003481 299.7327  72.3331 15.05527065  1770
Starlink 106
1 00106U 19029BR  20220.59692852  .00001103  00000-0  33518-4 0  9999
2 00106 63.00000  75.7036 0003481 299.7327  90.3331 15.05527065  1771
Starlink 107
1 00107U 19029BR  20220.59692852  .00001103  00000-0  33518-4 0  9990
2 00107 63.00000  75.7036 0003481 299.7327 108.3331 15.05527065  1772
Starlink 108
1 00108U 19029BR  20220.59692852  .00001103  00000-0  33518-4 0  9991
2 00108 63.00000  75.7036 0003481 299.7327 126.3331 15.05527065  1773
Starlink 109
1 00109U 19029BR  20220.59692852  .00001103  00000-0  33518-4 0  9992
2 00109 63.00000  75.7036 0003481 299.7327 144.3331 15.05527065  1774
Starlink 110
1 00110U 19029BR  20220.59692852  .00001103  00000-0  33518-4 0  9994
2 00110 63.00000  75.7036 0003481 299.7327 162.3331 15.05527065  1776
Starlink 111
1 00111U 19029BR  20220.59692852  .00001103  00000-0  33518-4 0  9995
2 00111 63.00000  75.7036 0003481 299.7327 180.3331 15.05527065  1777
Starlink 112
1 00112U 19029BR  20220.59692852  .00001103  00000-0  33518-4 0  9996
2 00112 63.00000  75.7036 0003481 299.7327 198.3331 15.05527065  1777
Starlink 113
1 00113U 19029BR  20220.59692852  .00001103  00000-0  33518-4 0  9997
2 00113 63.00000  75.7036 0003481 299.7327 216.3331 15.05527065  1779
Starlink 114
1 00114U 19029BR  20220.59692852  .00001103  00000-0  33518-4 0  9998
2 00114 63.00000  75.7036 0003481 299.7327 234.3331 15.05527065  1770
Starlink 115
1 00115U 19029BR  20220.59692852  .00001103  00000-0  33518-4 0  9999
2 00115 63.00000  75.7036 0003481 299.7327 252.3331 15.05527065  1771
Starlink 116
1 00116U 19029BR  20220.59692852  .00001103  00000-0  33518-4 0  9990
2 00116 63.00000  75.7036 0003481 299.7327 270.3331 15.05527065  1772
Starlink 117
1 00117U 19029BR  20220.59692852  .00001103  00000-0  33518-4 0  9991
2 00117 63.00000  75.7036 0003481 299.7327 288.3331 15.05527065  1772
Starlink 118
1 00118U 19029BR  20220.59692852  .00001103  00000-0  33518-4 0  9992
2 00118 63.00000  75.7036 0003481 299.7327 306.3331 15.05527065  1774
Starlink 119
1 00119U 19029BR  20220.59692852  .00001103  00000-0  33518-4 0  9993
2 00119 63.00000  75.7036 0003481 299.7327 324.3331 15.05527065  1775
Starlink 120
1 00120U 19029BR  20220.59692852  .00001103  00000-0  33518-4 0  9995
2 00120 63.00000  75.7036 0003481 299.7327 342.3331 15.05527065  1777
Starlink 121
1 00121U 19029BR  20220.59692852  .00001103  00000-0  33518-4 0  9996
2 00121 63.00000  90.7036 0003481 299.7327   0.3331 15.05527065  1776
Starlink 122
1 00122U 19029BR  20220.59692852  .00001103  00000-0  33518-4 0  9997
2 00122 63.00000  90.7036 0003481 299.7327  18.3331 15.05527065  1776
Starlink 123
1 00123U 19029BR  20220.59692852  .00001103  00000-0  33518-4 0  9998
2 00123 63.00000  90.7036 0003481 299.7327  36.3331 15.05527065  1777
Starlink 124
1 00124U 19029BR  20220.59692852  .00001103  00000-0  33518-4 0  9999
2 00124 63.00000  90.7036 0003481 299.7327  54.3331 15.05527065  1778
Starlink 125
1 00125U 19029BR  20220.59692852  .00001103  00000-0  33518-4 0  9990
2 00125 63.00000  90.7036 0003481 299.7327  72.3331 15.05527065  1779
Starlink 126
1 00126U 19029BR  20220.59692852  .00001103  00000-0  33518-4 0  9991
2 00126 63.00000  90.7036 0003481 299.7327  90.3331 15.05527065  1770
Starlink 127
1 00127U 19029BR  20220.59692852  .00001103  00000-0  33518-4 0  9992
2 00127 63.00000  90.7036 0003481 299.7327 108.3331 15.05527065  1771
Starlink 128
1 00128U 19029BR  20220.59692852  .00001103  00000-0  33518-4 0  9993
2 00128 63.00000  90.7036 0003481 299.7327 126.3331 15.05527065  1772
Starlink 129
1 00129U 19029BR  20220.59692852  .00001103  00000-0  33518-4 0  9994
2 00129 63.00000  90.7036 0003481 299.7327 144.3331 15.05527065  1773
Starlink 130
1 00130U 19029BR  20220.59692852  .00001103  00000-0  33518-4 0  9996
2 00130 63.00000  90.7036 0003481 299.7327 162.3331 15.05527065  1775
Starlink 131
1 00131U 19029BR  20220.59692852  .00001103  00000-0  33518-4 0  9997
2 00131 63.00000  90.7036 0003481 299.7327 180.3331 15.05527065  1776
Starlink 132
1 00132U 19029BR  20220.59692852  .00001103  00000-0  33518-4 0  9998
2 00132 63.00000  90.7036 0003481 299.7327 198.3331 15.05527065  1776
Starlink 133
1 00133U 19029BR  20220.59692852  .00001103  00000-0  33518-4 0  9999
2 00133 63.00000  90.7036 0003481 299.7327 216.3331 15.05527065  1778
Starlink 134
1 00134U 19029BR  20220.59692852  .00001103  00000-0  33518-4 0  9990
2 00134 63.00000  90.7036 0003481 299.7327 234.3331 15.05527065  1779
Starlink 135
1 00135U 19029BR  20220.59692852  .00001103  00000-0  33518-4 0  9991
2 00135 63.00000  90.7036 0003481 299.7327 252.3331 15.05527065  1770
Starlink 136
1 00136U 19029BR  20220.59692852  .00001103  00000-0  33518-4 0  9992
2 00136 63.00000  90.7036 0003481 299.7327 270.3331 15.05527065  1771
Starlink 137
1 00137U 19029BR  20220.59692852  .00001103  00000-0  33518-4 0  9993
2 00137 63.00000  90.7036 0003481 299.7327 288.3331 15.05527065  1771
Starlink 138
1 00138U 19029BR  20220.59692852  .00001103  00000-0  33518-4 0  9994
2 00138 63.00000  90.7036 0003481 299.7327 306.3331 15.05527065  1773
Starlink 139
1 00139U 19029BR  20220.59692852  .00001103  00000-0  33518-4 0  9995
2 00139 63.00000  90.7036 0003481 299.7327 324.3331 15.05527065  1774
Starlink 140
1 00140U 19029BR  20220.59692852  .00001103  00000-0  33518-4 0  9997
2 00140 63.00000  90.7036 0003481 299.7327 342.3331 15.05527065  1776
Starlink 141
1 00141U 19029BR  20220.59692852  .00001103  00000-0  33518-4 0  9998
2 00141 63.00000 105.7036 0003481 299.7327   0.3331 15.05527065  1775
Starlink 142
1 00142U 19029BR  20220.59692852  .00001103  00000-0  33518-4 0  9999
2 00142 63.00000 105.7036 0003481 299.7327  18.3331 15.05527065  1775
Starlink 143
1 00143U 19029BR  20220.59692852  .00001103  00000-0  33518-4 0  9990
2 00143 63.00000 105.7036 0003481 299.7327  36.3331 15.05527065  1776
Starlink 144
1 00144U 19029BR  20220.59692852  .00001103  00000-0  33518-4 0  9991
2 00144 63.00000 105.7036 0003481 299.7327  54.3331 15.05527065  1777
Starlink 145
1 00145U 19029BR  20220.59692852  .00001103  00000-0  33518-4 0  9992
2 00145 63.00000 105.7036 0003481 299.7327  72.3331 15.05527065  1778
Starlink 146
1 00146U 19029BR  20220.59692852  .00001103  00000-0  33518-4 0  9993
2 00146 63.00000 105.7036 0003481 299.7327  90.3331 15.05527065  1779
Starlink 147
1 00147U 19029BR  20220.59692852  .00001103  00000-0  33518-4 0  9994
2 00147 63.00000 105.7036 0003481 299.7327 108.3331 15.05527065  1770
Starlink 148
1 00148U 19029BR  20220.59692852  .00001103  00000-0  33518-4 0  9995
2 00148 63.00000 105.7036 0003481 299.7327 126.3331 15.05527065  1771
Starlink 149
1 00149U 19029BR  20220.59692852  .00001103  00000-0  33518-4 0  9996
2 00149 63.00000 105.7036 0003481 299.7327 144.3331 15.05527065  1772
Starlink 150
1 00150U 19029BR  20220.59692852  .00001103  00000-0  33518-4 0  9998
2 00150 63.00000 105.7036 0003481 299.7327 162.3331 15.05527065  1774
Starlink 151
1 00151U 19029BR  20220.59692852  .00001103  00000-0  33518-4 0  9999
2 00151 63.00000 105.7036 0003481 299.7327 180.3331 15.05527065  1775
Starlink 152
1 00152U 19029BR  20220.59692852  .00001103  00000-0  33518-4 0  9990
2 00152 63.00000 105.7036 0003481 299.7327 198.3331 15.05527065  1775
Starlink 153
1 00153U 19029BR  20220.59692852  .00001103  00000-0  33518-4 0  9991
2 00153 63.00000 105.7036 0003481 299.7327 216.3331 15.05527065  1777
Starlink 154
1 00154U 19029BR  20220.59692852  .00001103  00000-0  33518-4 0  9992
2 00154 63.00000 105.7036 0003481 299.7327 234.3331 15.05527065  1778
Starlink 155
1 00155U 19029BR  20220.59692852  .00001103  00000-0  33518-4 0  9993
2 00155 63.00000 105.7036 0003481 299.7327 252.3331 15.05527065  1779
Starlink 156
1 00156U 19029BR  20220.59692852  .00001103  00000-0  33518-4 0  9994
2 00156 63.00000 105.7036 0003481 299.7327 270.3331 15.05527065  1770
Starlink 157
1 00157U 19029BR  20220.59692852  .00001103  00000-0  33518-4 0  9995
2 00157 63.00000 105.7036 0003481 299.7327 288.3331 15.05527065  1770
Starlink 158
1 00158U 19029BR  20220.59692852  .00001103  00000-0  33518-4 0  9996
2 00158 63.00000 105.7036 0003481 299.7327 306.3331 15.05527065  1772
Starlink 159
1 00159U 19029BR  20220.59692852  .00001103  00000-0  33518-4 0  9997
2 00159 63.00000 105.7036 0003481 299.7327 324.3331 15.05527065  1773
Starlink 160
1 00160U 19029BR  20220.59692852  .00001103  00000-0  33518-4 0  9999
2 00160 63.00000 105.7036 0003481 299.7327 342.3331 15.05527065  1775
Starlink 161
1 00161U 19029BR  20220.59692852  .00001103  00000-0  33518-4 0  9990
2 00161 63.00000 120.7036 0003481 299.7327   0.3331 15.05527065  1774
Starlink 162
1 00162U 19029BR  20220.59692852  .00001103  00000-0  33518-4 0  9991
2 00162 63.00000 120.7036 0003481 299.7327  18.3331 15.05527065  1774
Starlink 163
1 00163U 19029BR  20220.59692852  .00001103  00000-0  33518-4 0  9992
2 00163 63.00000 120.7036 0003481 299.7327  36.3331 15.05527065  1775
Starlink 164
1 00164U 19029BR  20220.59692852  .00001103  00000-0  33518-4 0  9993
2 00164 63.00000 120.7036 0003481 299.7327  54.3331 15.05527065  1776
Starlink 165
1 00165U 19029BR  20220.59692852  .00001103  00000-0  33518-4 0  9994
2 00165 63.00000 120.7036 0003481 299.7327  72.3331 15.05527065  1777
Starlink 166
1 00166U 19029BR  20220.59692852  .00001103  00000-0  33518-4 0  9995
2 00166 63.00000 120.7036 0003481 299.7327  90.3331 15.05527065  1778
Starlink 167
1 00167U 19029BR  20220.59692852  .00001103  00000-0  33518-4 0  9996
2 00167 63.00000 120.7036 0003481 299.7327 108.3331 15.05527065  1779
Starlink 168
1 00168U 19029BR  20220.59692852  .00001103  00000-0  33518-4 0  9997
2 00168 63.00000 120.7036 0003481 299.7327 126.3331 15.05527065  1770
Starlink 169
1 00169U 19029BR  20220.59692852  .00001103  00000-0  33518-4 0  9998
2 00169 63.00000 120.7036 0003481 299.7327 144.3331 15.05527065  1771
Starlink 170
1 00170U 19029BR  20220.59692852  .00001103  00000-0  33518-4 0  9990
2 00170 63.00000 120.7036 0003481 299.7327 162.3331 15.05527065  1773
Starlink 171
1 00171U 19029BR  20220.59692852  .00001103  00000-0  33518-4 0  9991
2 00171 63.00000 120.7036 0003481 299.7327 180.3331 15.05527065  1774
Starlink 172
1 00172U 19029BR  20220.59692852  .00001103  00000-0  33518-4 0  9992
2 00172 63.00000 120.7036 0003481 299.7327 198.3331 15.05527065  1774
Starlink 173
1 00173U 19029BR  20220.59692852  .00001103  00000-0  33518-4 0  9993
2 00173 63.00000 120.7036 0003481 299.7327 216.3331 15.05527065  1776
Starlink 174
1 00174U 19029BR  20220.59692852  .00001103  00000-0  33518-4 0  9994
2 00174 63.00000 120.7036 0003481 299.7327 234.3331 15.05527065  1777
Starlink 175
1 00175U 19029BR  20220.59692852  .00001103  00000-0  33518-4 0  9995
2 00175 63.00000 120.7036 0003481 299.7327 252.3331 15.05527065  1778
Starlink 176
1 00176U 19029BR  20220.59692852  .00001103  00000-0  33518-4 0  9996
2 00176 63.00000 120.7036 0003481 299.7327 270.3331 15.05527065  1779
Starlink 177
1 00177U 19029BR  20220.59692852  .00001103  00000-0  33518-4 0  9997
2 00177 63.00000 120.7036 0003481 299.7327 288.3331 15.05527065  1779
Starlink 178
1 00178U 19029BR  20220.59692852  .00001103  00000-0  33518-4 0  9998
2 00178 63.00000 120.7036 0003481 299.7327 306.3331 15.05527065  1771
Starlink 179
1 00179U 19029BR  20220.59692852  .00001103  00000-0  33518-4 0  9999
2 00179 63.00000 120.7036 0003481 299.7327 324.3331 15.05527065  1772
Starlink 180
1 00180U 19029BR  20220.59692852  .00001103  00000-0  33518-4 0  9991
2 00180 63.00000 120.7036 0003481 299.7327 342.3331 15.05527065  1774
Starlink 181
1 00181U 19029BR  20220.59692852  .00001103  00000-0  33518-4 0  9992
2 00181 63.00000 135.7036 0003481 299.7327   0.3331 15.05527065  1772
Starlink 182
1 00182U 19029BR  20220.59692852  .00001103  00000-0  33518-4 0  9993
2 00182 63.00000 135.7036 0003481 299.7327  18.3331 15.05527065  1772
Starlink 183
1 00183U 19029BR  20220.59692852  .00001103  00000-0  33518-4 0  9994
2 00183 63.00000 135.7036 0003481 299.7327  36.3331 15.05527065  1773
Starlink 184
1 00184U 19029BR  20220.59692852  .00001103  00000-0  33518-4 0  9995
2 00184 63.00000 135.7036 0003481 299.7327  54.3331 15.05527065  1774
Starlink 185
1 00185U 19029BR  20220.59692852  .00001103  00000-0  33518-4 0  9996
2 00185 63.00000 135.7036 0003481 299.7327  72.3331 15.05527065  1775
Starlink 186
1 00186U 19029BR  20220.59692852  .00001103  00000-0  33518-4 0  9997
2 00186 63.00000 135.7036 0003481 299.7327  90.3331 15.05527065  1776
Starlink 187
1 00187U 19029BR  20220.59692852  .00001103  00000-0  33518-4 0  9998
2 00187 63.00000 135.7036 0003481 299.7327 108.3331 15.05527065  1777
Starlink 188
1 00188U 19029BR  20220.59692852  .00001103  00000-0  33518-4 0  9999
2 00188 63.00000 135.7036 0003481 299.7327 126.3331 15.05527065  1778
Starlink 189
1 00189U 19029BR  20220.59692852  .00001103  00000-0  33518-4 0  9990
2 00189 63.00000 135.7036 0003481 299.7327 144.3331 15.05527065  1779
Starlink 190
1 00190U 19029BR  20220.59692852  .00001103  00000-0  33518-4 0  9992
2 00190 63.00000 135.7036 0003481 299.7327 162.3331 15.05527065  1771
Starlink 191
1 00191U 19029BR  20220.59692852  .00001103  00000-0  33518-4 0  9993
2 00191 63.00000 135.7036 0003481 299.7327 180.3331 15.05527065  1772
Starlink 192
1 00192U 19029BR  20220.59692852  .00001103  00000-0  33518-4 0  9994
2 00192 63.00000 135.7036 0003481 299.7327 198.3331 15.05527065  1772
Starlink 193
1 00193U 19029BR  20220.59692852  .00001103  00000-0  33518-4 0  9995
2 00193 63.00000 135.7036 0003481 299.7327 216.3331 15.05527065  1774
Starlink 194
1 00194U 19029BR  20220.59692852  .00001103  00000-0  33518-4 0  9996
2 00194 63.00000 135.7036 0003481 299.7327 234.3331 15.05527065  1775
Starlink 195
1 00195U 19029BR  20220.59692852  .00001103  00000-0  33518-4 0  9997
2 00195 63.00000 135.7036 0003481 299.7327 252.3331 15.05527065  1776
Starlink 196
1 00196U 19029BR  20220.59692852  .00001103  00000-0  33518-4 0  9998
2 00196 63.00000 135.7036 0003481 299.7327 270.3331 15.05527065  1777
Starlink 197
1 00197U 19029BR  20220.59692852  .00001103  00000-0  33518-4 0  9999
2 00197 63.00000 135.7036 0003481 299.7327 288.3331 15.05527065  1777
Starlink 198
1 00198U 19029BR  20220.59692852  .00001103  00000-0  33518-4 0  9990
2 00198 63.00000 135.7036 0003481 299.7327 306.3331 15.05527065  1779
Starlink 199
1 00199U 19029BR  20220.59692852  .00001103  00000-0  33518-4 0  9991
2 00199 63.00000 135.7036 0003481 299.7327 324.3331 15.05527065  1770
Starlink 200
1 00200U 19029BR  20220.59692852  .00001103  00000-0  33518-4 0  9994
2 00200 63.00000 135.7036 0003481 299.7327 342.3331 15.05527065  1773
Starlink 201
1 00201U 19029BR  20220.59692852  .00001103  00000-0  33518-4 0  9995
2 00201 63.00000 150.7036 0003481 299.7327   0.3331 15.05527065  1772
Starlink 202
1 00202U 19029BR  20220.59692852  .00001103  00000-0  33518-4 0  9996
2 00202 63.00000 150.7036 0003481 299.7327  18.3331 15.05527065  1772
Starlink 203
1 00203U 19029BR  20220.59692852  .00001103  00000-0  33518-4 0  9997
2 00203 63.00000 150.7036 0003481 299.7327  36.3331 15.05527065  1773
Starlink 204
1 00204U 19029BR  20220.59692852  .00001103  00000-0  33518-4 0  9998
2 00204 63.00000 150.7036 0003481 299.7327  54.3331 15.05527065  1774
Starlink 205
1 00205U 19029BR  20220.59692852  .00001103  00000-0  33518-4 0  9999
2 00205 63.00000 150.7036 0003481 299.7327  72.3331 15.05527065  1775
Starlink 206
1 00206U 19029BR  20220.59692852  .00001103  00000-0  33518-4 0  9990
2 00206 63.00000 150.7036 0003481 299.7327  90.3331 15.05527065  1776
Starlink 207
1 00207U 19029BR  20220.59692852  .00001103  00000-0  33518-4 0  9991
2 00207 63.00000 150.7036 0003481 299.7327 108.3331 15.05527065  1777
Starlink 208
1 00208U 19029BR  20220.59692852  .00001103  00000-0  33518-4 0  9992
2 00208 63.00000 150.7036 0003481 299.7327 126.3331 15.05527065  1778
Starlink 209
1 00209U 19029BR  20220.59692852  .00001103  00000-0  33518-4 0  9993
2 00209 63.00000 150.7036 0003481 299.7327 144.3331 15.05527065  1779
Starlink 210
1 00210U 19029BR  20220.59692852  .00001103  00000-0  33518-4 0  9995
2 00210 63.00000 150.7036 0003481 299.7327 162.3331 15.05527065  1771
Starlink 211
1 00211U 19029BR  20220.59692852  .00001103  00000-0  33518-4 0  9996
2 00211 63.00000 150.7036 0003481 299.7327 180.3331 15.05527065  1772
Starlink 212
1 00212U 19029BR  20220.59692852  .00001103  00000-0  33518-4 0  9997
2 00212 63.00000 150.7036 0003481 299.7327 198.3331 15.05527065  1772
Starlink 213
1 00213U 19029BR  20220.59692852  .00001103  00000-0  33518-4 0  9998
2 00213 63.00000 150.7036 0003481 299.7327 216.3331 15.05527065  1774
Starlink 214
1 00214U 19029BR  20220.59692852  .00001103  00000-0  33518-4 0  9999
2 00214 63.00000 150.7036 0003481 299.7327 234.3331 15.05527065  1775
Starlink 215
1 00215U 19029BR  20220.59692852  .00001103  00000-0  33518-4 0  9990
2 00215 63.00000 150.7036 0003481 299.7327 252.3331 15.05527065  1776
Starlink 216
1 00216U 19029BR  20220.59692852  .00001103  00000-0  33518-4 0  9991
2 00216 63.00000 150.7036 0003481 299.7327 270.3331 15.05527065  1777
Starlink 217
1 00217U 19029BR  20220.59692852  .00001103  00000-0  33518-4 0  9992
2 00217 63.00000 150.7036 0003481 299.7327 288.3331 15.05527065  1777
Starlink 218
1 00218U 19029BR  20220.59692852  .00001103  00000-0  33518-4 0  9993
2 00218 63.00000 150.7036 0003481 299.7327 306.3331 15.05527065  1779
Starlink 219
1 00219U 19029BR  20220.59692852  .00001103  00000-0  33518-4 0  9994
2 00219 63.00000 150.7036 0003481 299.7327 324.3331 15.05527065  1770
Starlink 220
1 00220U 19029BR  20220.59692852  .00001103  00000-0  33518-4 0  9996
2 00220 63.00000 150.7036 0003481 299.7327 342.3331 15.05527065  1772
Starlink 221
1 00221U 19029BR  20220.59692852  .00001103  00000-0  33518-4 0  9997
2 00221 63.00000 165.7036 0003481 299.7327   0.3331 15.05527065  1770
Starlink 222
1 00222U 19029BR  20220.59692852  .00001103  00000-0  33518-4 0  9998
2 00222 63.00000 165.7036 0003481 299.7327  18.3331 15.05527065  1770
Starlink 223
1 00223U 19029BR  20220.59692852  .00001103  00000-0  33518-4 0  9999
2 00223 63.00000 165.7036 0003481 299.7327  36.3331 15.05527065  1771
Starlink 224
1 00224U 19029BR  20220.59692852  .00001103  00000-0  33518-4 0  9990
2 00224 63.00000 165.7036 0003481 299.7327  54.3331 15.05527065  1772
Starlink 225
1 00225U 19029BR  20220.59692852  .00001103  00000-0  33518-4 0  9991
2 00225 63.00000 165.7036 0003481 299.7327  72.3331 15.05527065  1773
Starlink 226
1 00226U 19029BR  20220.59692852  .00001103  00000-0  33518-4 0  9992
2 00226 63.00000 165.7036 0003481 299.7327  90.3331 15.05527065  1774
Starlink 227
1 00227U 19029BR  20220.59692852  .00001103  00000-0  33518-4 0  9993
2 00227 63.00000 165.7036 0003481 299.7327 108.3331 15.05527065  1775
Starlink 228
1 00228U 19029BR  20220.59692852  .00001103  00000-0  33518-4 0  9994
2 00228 63.00000 165.7036 0003481 299.7327 126.3331 15.05527065  1776
Starlink 229
1 00229U 19029BR  20220.59692852  .00001103  00000-0  33518-4 0  9995
2 00229 63.00000 165.7036 0003481 299.7327 144.3331 15.05527065  1777
Starlink 230
1 00230U 19029BR  20220.59692852  .00001103  00000-0  33518-4 0  9997
2 00230 63.00000 165.7036 0003481 299.7327 162.3331 15.05527065  1779
Starlink 231
1 00231U 19029BR  20220.59692852  .00001103  00000-0  33518-4 0  9998
2 00231 63.00000 165.7036 0003481 299.7327 180.3331 15.05527065  1770
Starlink 232
1 00232U 19029BR  20220.59692852  .00001103  00000-0  33518-4 0  9999
2 00232 63.00000 165.7036 0003481 299.7327 198.3331 15.05527065  1770
Starlink 233
1 00233U 19029BR  20220.59692852  .00001103  00000-0  33518-4 0  9990
2 00233 63.00000 165.7036 0003481 299.7327 216.3331 15.05527065  1772
Starlink 234
1 00234U 19029BR  20220.59692852  .00001103  00000-0  33518-4 0  9991
2 00234 63.00000 165.7036 0003481 299.7327 234.3331 15.05527065  1773
Starlink 235
1 00235U 19029BR  20220.59692852  .00001103  00000-0  33518-4 0  9992
2 00235 63.00000 165.7036 0003481 299.7327 252.3331 15.05527065  1774
Starlink 236
1 00236U 19029BR  20220.59692852  .00001103  00000-0  33518-4 0  9993
2 00236 63.00000 165.7036 0003481 299.7327 270.3331 15.05527065  1775
Starlink 237
1 00237U 19029BR  20220.59692852  .00001103  00000-0  33518-4 0  9994
2 00237 63.00000 165.7036 0003481 299.7327 288.3331 15.05527065  1775
Starlink 238
1 00238U 19029BR  20220.59692852  .00001103  00000-0  33518-4 0  9995
2 00238 63.00000 165.7036 0003481 299.7327 306.3331 15.05527065  1777
Starlink 239
1 00239U 19029BR  20220.59692852  .00001103  00000-0  33518-4 0  9996
2 00239 63.00000 165.7036 0003481 299.7327 324.3331 15.05527065  1778
Starlink 240
1 00240U 19029BR  20220.59692852  .00001103  00000-0  33518-4 0  9998
2 00240 63.00000 165.7036 0003481 299.7327 342.3331 15.05527065  1770
Starlink 241
1 00241U 19029BR  20220.59692852  .00001103  00000-0  33518-4 0  9999
2 00241 63.00000 180.7036 0003481 299.7327   0.3331 15.05527065  1779
Starlink 242
1 00242U 19029BR  20220.59692852  .00001103  00000-0  33518-4 0  9990
2 00242 63.00000 180.7036 0003481 299.7327  18.3331 15.05527065  1779
Starlink 243
1 00243U 19029BR  20220.59692852  .00001103  00000-0  33518-4 0  9991
2 00243 63.00000 180.7036 0003481 299.7327  36.3331 15.05527065  1770
Starlink 244
1 00244U 19029BR  20220.59692852  .00001103  00000-0  33518-4 0  9992
2 00244 63.00000 180.7036 0003481 299.7327  54.3331 15.05527065  1771
Starlink 245
1 00245U 19029BR  20220.59692852  .00001103  00000-0  33518-4 0  9993
2 00245 63.00000 180.7036 0003481 299.7327  72.3331 15.05527065  1772
Starlink 246
1 00246U 19029BR  20220.59692852  .00001103  00000-0  33518-4 0  9994
2 00246 63.00000 180.7036 0003481 299.7327  90.3331 15.05527065  1773
Starlink 247
1 00247U 19029BR  20220.59692852  .00001103  00000-0  33518-4 0  9995
2 00247 63.00000 180.7036 0003481 299.7327 108.3331 15.05527065  1774
Starlink 248
1 00248U 19029BR  20220.59692852  .00001103  00000-0  33518-4 0  9996
2 00248 63.00000 180.7036 0003481 299.7327 126.3331 15.05527065  1775
Starlink 249
1 00249U 19029BR  20220.59692852  .00001103  00000-0  33518-4 0  9997
2 00249 63.00000 180.7036 0003481 299.7327 144.3331 15.05527065  1776
Starlink 250
1 00250U 19029BR  20220.59692852  .00001103  00000-0  33518-4 0  9999
2 00250 63.00000 180.7036 0003481 299.7327 162.3331 15.05527065  1778
Starlink 251
1 00251U 19029BR  20220.59692852  .00001103  00000-0  33518-4 0  9990
2 00251 63.00000 180.7036 0003481 299.7327 180.3331 15.05527065  1779
Starlink 252
1 00252U 19029BR  20220.59692852  .00001103  00000-0  33518-4 0  9991
2 00252 63.00000 180.7036 0003481 299.7327 198.3331 15.05527065  1779
Starlink 253
1 00253U 19029BR  20220.59692852  .00001103  00000-0  33518-4 0  9992
2 00253 63.00000 180.7036 0003481 299.7327 216.3331 15.05527065  1771
Starlink 254
1 00254U 19029BR  20220.59692852  .00001103  00000-0  33518-4 0  9993
2 00254 63.00000 180.7036 0003481 299.7327 234.3331 15.05527065  1772
Starlink 255
1 00255U 19029BR  20220.59692852  .00001103  00000-0  33518-4 0  9994
2 00255 63.00000 180.7036 0003481 299.7327 252.3331 15.05527065  1773
Starlink 256
1 00256U 19029BR  20220.59692852  .00001103  00000-0  33518-4 0  9995
2 00256 63.00000 180.7036 0003481 299.7327 270.3331 15.05527065  1774
Starlink 257
1 00257U 19029BR  20220.59692852  .00001103  00000-0  33518-4 0  9996
2 00257 63.00000 180.7036 0003481 299.7327 288.3331 15.05527065  1774
Starlink 258
1 00258U 19029BR  20220.59692852  .00001103  00000-0  33518-4 0  9997
2 00258 63.00000 180.7036 0003481 299.7327 306.3331 15.05527065  1776
Starlink 259
1 00259U 19029BR  20220.59692852  .00001103  00000-0  33518-4 0  9998
2 00259 63.00000 180.7036 0003481 299.7327 324.3331 15.05527065  1777
Starlink 260
1 00260U 19029BR  20220.59692852  .00001103  00000-0  33518-4 0  9990
2 00260 63.00000 180.7036 0003481 299.7327 342.3331 15.05527065  1779
Starlink 261
1 00261U 19029BR  20220.59692852  .00001103  00000-0  33518-4 0  9991
2 00261 63.00000 195.7036 0003481 299.7327   0.3331 15.05527065  1777
Starlink 262
1 00262U 19029BR  20220.59692852  .00001103  00000-0  33518-4 0  9992
2 00262 63.00000 195.7036 0003481 299.7327  18.3331 15.05527065  1777
Starlink 263
1 00263U 19029BR  20220.59692852  .00001103  00000-0  33518-4 0  9993
2 00263 63.00000 195.7036 0003481 299.7327  36.3331 15.05527065  1778
Starlink 264
1 00264U 19029BR  20220.59692852  .00001103  00000-0  33518-4 0  9994
2 00264 63.00000 195.7036 0003481 299.7327  54.3331 15.05527065  1779
Starlink 265
1 00265U 19029BR  20220.59692852  .00001103  00000-0  33518-4 0  9995
2 00265 63.00000 195.7036 0003481 299.7327  72.3331 15.05527065  1770
Starlink 266
1 00266U 19029BR  20220.59692852  .00001103  00000-0  33518-4 0  9996
2 00266 63.00000 195.7036 0003481 299.7327  90.3331 15.05527065  1771
Starlink 267
1 00267U 19029BR  20220.59692852  .00001103  00000-0  33518-4 0  9997
2 00267 63.00000 195.7036 0003481 299.7327 108.3331 15.05527065  1772
Starlink 268
1 00268U 19029BR  20220.59692852  .00001103  00000-0  33518-4 0  9998
2 00268 63.00000 195.7036 0003481 299.7327 126.3331 15.05527065  1773
Starlink 269
1 00269U 19029BR  20220.59692852  .00001103  00000-0  33518-4 0  9999
2 00269 63.00000 195.7036 0003481 299.7327 144.3331 15.05527065  1774
Starlink 270
1 00270U 19029BR  20220.59692852  .00001103  00000-0  33518-4 0  9991
2 00270 63.00000 195.7036 0003481 299.7327 162.3331 15.05527065  1776
Starlink 271
1 00271U 19029BR  20220.59692852  .00001103  00000-0  33518-4 0  9992
2 00271 63.00000 195.7036 0003481 299.7327 180.3331 15.05527065  1777
Starlink 272
1 00272U 19029BR  20220.59692852  .00001103  00000-0  33518-4 0  9993
2 00272 63.00000 195.7036 0003481 299.7327 198.3331 15.05527065  1777
Starlink 273
1 00273U 19029BR  20220.59692852  .00001103  00000-0  33518-4 0  9994
2 00273 63.00000 195.7036 0003481 299.7327 216.3331 15.05527065  1779
Starlink 274
1 00274U 19029BR  20220.59692852  .00001103  00000-0  33518-4 0  9995
2 00274 63.00000 195.7036 0003481 299.7327 234.3331 15.05527065  1770
Starlink 275
1 00275U 19029BR  20220.59692852  .00001103  00000-0  33518-4 0  9996
2 00275 63.00000 195.7036 0003481 299.7327 252.3331 15.05527065  1771
Starlink 276
1 00276U 19029BR  20220.59692852  .00001103  00000-0  33518-4 0  9997
2 00276 63.00000 195.7036 0003481 299.7327 270.3331 15.05527065  1772
Starlink 277
1 00277U 19029BR  20220.59692852  .00001103  00000-0  33518-4 0  9998
2 00277 63.00000 195.7036 0003481 299.7327 288.3331 15.05527065  1772
Starlink 278
1 00278U 19029BR  20220.59692852  .00001103  00000-0  33518-4 0  9999
2 00278 63.00000 195.7036 0003481 299.7327 306.3331 15.05527065  1774
Starlink 279
1 00279U 19029BR  20220.59692852  .00001103  00000-0  33518-4 0  9990
2 00279 63.00000 195.7036 0003481 299.7327 324.3331 15.05527065  1775
Starlink 280
1 00280U 19029BR  20220.59692852  .00001103  00000-0  33518-4 0  9992
2 00280 63.00000 195.7036 0003481 299.7327 342.3331 15.05527065  1777
Starlink 281
1 00281U 19029BR  20220.59692852  .00001103  00000-0  33518-4 0  9993
2 00281 63.00000 210.7036 0003481 299.7327   0.3331 15.05527065  1777
Starlink 282
1 00282U 19029BR  20220.59692852  .00001103  00000-0  33518-4 0  9994
2 00282 63.00000 210.7036 0003481 299.7327  18.3331 15.05527065  1777
Starlink 283
1 00283U 19029BR  20220.59692852  .00001103  00000-0  33518-4 0  9995
2 00283 63.00000 210.7036 0003481 299.7327  36.3331 15.05527065  1778
Starlink 284
1 00284U 19029BR  20220.59692852  .00001103  00000-0  33518-4 0  9996
2 00284 63.00000 210.7036 0003481 299.7327  54.3331 15.05527065  1779
Starlink 285
1 00285U 19029BR  20220.59692852  .00001103  00000-0  33518-4 0  9997
2 00285 63.00000 210.7036 0003481 299.7327  72.3331 15.05527065  1770
Starlink 286
1 00286U 19029BR  20220.59692852  .00001103  00000-0  33518-4 0  9998
2 00286 63.00000 210.7036 0003481 299.7327  90.3331 15.05527065  1771
Starlink 287
1 00287U 19029BR  20220.59692852  .00001103  00000-0  33518-4 0  9999
2 00287 63.00000 210.7036 0003481 299.7327 108.3331 15.05527065  1772
Starlink 288
1 00288U 19029BR  20220.59692852  .00001103  00000-0  33518-4 0  9990
2 00288 63.00000 210.7036 0003481 299.7327 126.3331 15.05527065  1773
Starlink 289
1 00289U 19029BR  20220.59692852  .00001103  00000-0  33518-4 0  9991
2 00289 63.00000 210.7036 0003481 299.7327 144.3331 15.05527065  1774
Starlink 290
1 00290U 19029BR  20220.59692852  .00001103  00000-0  33518-4 0  9993
2 00290 63.00000 210.7036 0003481 299.7327 162.3331 15.05527065  1776
Starlink 291
1 00291U 19029BR  20220.59692852  .00001103  00000-0  33518-4 0  9994
2 00291 63.00000 210.7036 0003481 299.7327 180.3331 15.05527065  1777
Starlink 292
1 00292U 19029BR  20220.59692852  .00001103  00000-0  33518-4 0  9995
2 00292 63.00000 210.7036 0003481 299.7327 198.3331 15.05527065  1777
Starlink 293
1 00293U 19029BR  20220.59692852  .00001103  00000-0  33518-4 0  9996
2 00293 63.00000 210.7036 0003481 299.7327 216.3331 15.05527065  1779
Starlink 294
1 00294U 19029BR  20220.59692852  .00001103  00000-0  33518-4 0  9997
2 00294 63.00000 210.7036 0003481 299.7327 234.3331 15.05527065  1770
Starlink 295
1 00295U 19029BR  20220.59692852  .00001103  00000-0  33518-4 0  9998
2 00295 63.00000 210.7036 0003481 299.7327 252.3331 15.05527065  1771
Starlink 296
1 00296U 19029BR  20220.59692852  .00001103  00000-0  33518-4 0  9999
2 00296 63.00000 210.7036 0003481 299.7327 270.3331 15.05527065  1772
Starlink 297
1 00297U 19029BR  20220.59692852  .00001103  00000-0  33518-4 0  9990
2 00297 63.00000 210.7036 0003481 299.7327 288.3331 15.05527065  1772
Starlink 298
1 00298U 19029BR  20220.59692852  .00001103  00000-0  33518-4 0  9991
2 00298 63.00000 210.7036 0003481 299.7327 306.3331 15.05527065  1774
Starlink 299
1 00299U 19029BR  20220.59692852  .00001103  00000-0  33518-4 0  9992
2 00299 63.00000 210.7036 0003481 299.7327 324.3331 15.05527065  1775
Starlink 300
1 00300U 19029BR  20220.59692852  .00001103  00000-0  33518-4 0  9995
2 00300 63.00000 210.7036 0003481 299.7327 342.3331 15.05527065  1778
Starlink 301
1 00301U 19029BR  20220.59692852  .00001103  00000-0  33518-4 0  9996
2 00301 63.00000 225.7036 0003481 299.7327   0.3331 15.05527065  1776
Starlink 302
1 00302U 19029BR  20220.59692852  .00001103  00000-0  33518-4 0  9997
2 00302 63.00000 225.7036 0003481 299.7327  18.3331 15.05527065  1776
Starlink 303
1 00303U 19029BR  20220.59692852  .00001103  00000-0  33518-4 0  9998
2 00303 63.00000 225.7036 0003481 299.7327  36.3331 15.05527065  1777
Starlink 304
1 00304U 19029BR  20220.59692852  .00001103  00000-0  33518-4 0  9999
2 00304 63.00000 225.7036 0003481 299.7327  54.3331 15.05527065  1778
Starlink 305
1 00305U 19029BR  20220.59692852  .00001103  00000-0  33518-4 0  9990
2 00305 63.00000 225.7036 0003481 299.7327  72.3331 15.05527065  1779
Starlink 306
1 00306U 19029BR  20220.59692852  .00001103  00000-0  33518-4 0  9991
2 00306 63.00000 225.7036 0003481 299.7327  90.3331 15.05527065  1770
Starlink 307
1 00307U 19029BR  20220.59692852  .00001103  00000-0  33518-4 0  9992
2 00307 63.00000 225.7036 0003481 299.7327 108.3331 15.05527065  1771
Starlink 308
1 00308U 19029BR  20220.59692852  .00001103  00000-0  33518-4 0  9993
2 00308 63.00000 225.7036 0003481 299.7327 126.3331 15.05527065  1772
Starlink 309
1 00309U 19029BR  20220.59692852  .00001103  00000-0  33518-4 0  9994
2 00309 63.00000 225.7036 0003481 299.7327 144.3331 15.05527065  1773
Starlink 310
1 00310U 19029BR  20220.59692852  .00001103  00000-0  33518-4 0  9996
2 00310 63.00000 225.7036 0003481 299.7327 162.3331 15.05527065  1775
Starlink 311
1 00311U 19029BR  20220.59692852  .00001103  00000-0  33518-4 0  9997
2 00311 63.00000 225.7036 0003481 299.7327 180.3331 15.05527065  1776
Starlink 312
1 00312U 19029BR  20220.59692852  .00001103  00000-0  33518-4 0  9998
2 00312 63.00000 225.7036 0003481 299.7327 198.3331 15.05527065  1776
Starlink 313
1 00313U 19029BR  20220.59692852  .00001103  00000-0  33518-4 0  9999
2 00313 63.00000 225.7036 0003481 299.7327 216.3331 15.05527065  1778
Starlink 314
1 00314U 19029BR  20220.59692852  .00001103  00000-0  33518-4 0  9990
2 00314 63.00000 225.7036 0003481 299.7327 234.3331 15.05527065  1779
Starlink 315
1 00315U 19029BR  20220.59692852  .00001103  00000-0  33518-4 0  9991
2 00315 63.00000 225.7036 0003481 299.7327 252.3331 15.05527065  1770
Starlink 316
1 00316U 19029BR  20220.59692852  .00001103  00000-0  33518-4 0  9992
2 00316 63.00000 225.7036 0003481 299.7327 270.3331 15.05527065  1771
Starlink 317
1 00317U 19029BR  20220.59692852  .00001103  00000-0  33518-4 0  9993
2 00317 63.00000 225.7036 0003481 299.7327 288.3331 15.05527065  1771
Starlink 318
1 00318U 19029BR  20220.59692852  .00001103  00000-0  33518-4 0  9994
2 00318 63.00000 225.7036 0003481 299.7327 306.3331 15.05527065  1773
Starlink 319
1 00319U 19029BR  20220.59692852  .00001103  00000-0  33518-4 0  9995
2 00319 63.00000 225.7036 0003481 299.7327 324.3331 15.05527065  1774
Starlink 320
1 00320U 19029BR  20220.59692852  .00001103  00000-0  33518-4 0  9997
2 00320 63.00000 225.7036 0003481 299.7327 342.3331 15.05527065  1776
Starlink 321
1 00321U 19029BR  20220.59692852  .00001103  00000-0  33518-4 0  9998
2 00321 63.00000 240.7036 0003481 299.7327   0.3331 15.05527065  1775
Starlink 322
1 00322U 19029BR  20220.59692852  .00001103  00000-0  33518-4 0  9999
2 00322 63.00000 240.7036 0003481 299.7327  18.3331 15.05527065  1775
Starlink 323
1 00323U 19029BR  20220.59692852  .00001103  00000-0  33518-4 0  9990
2 00323 63.00000 240.7036 0003481 299.7327  36.3331 15.05527065  1776
Starlink 324
1 00324U 19029BR  20220.59692852  .00001103  00000-0  33518-4 0  9991
2 00324 63.00000 240.7036 0003481 299.7327  54.3331 15.05527065  1777
Starlink 325
1 00325U 19029BR  20220.59692852  .00001103  00000-0  33518-4 0  9992
2 00325 63.00000 240.7036 0003481 299.7327  72.3331 15.05527065  1778
Starlink 326
1 00326U 19029BR  20220.59692852  .00001103  00000-0  33518-4 0  9993
2 00326 63.00000 240.7036 0003481 299.7327  90.3331 15.05527065  1779
Starlink 327
1 00327U 19029BR  20220.59692852  .00001103  00000-0  33518-4 0  9994
2 00327 63.00000 240.7036 0003481 299.7327 108.3331 15.05527065  1770
Starlink 328
1 00328U 19029BR  20220.59692852  .00001103  00000-0  33518-4 0  9995
2 00328 63.00000 240.7036 0003481 299.7327 126.3331 15.05527065  1771
Starlink 329
1 00329U 19029BR  20220.59692852  .00001103  00000-0  33518-4 0  9996
2 00329 63.00000 240.7036 0003481 299.7327 144.3331 15.05527065  1772
Starlink 330
1 00330U 19029BR  20220.59692852  .00001103  00000-0  33518-4 0  9998
2 00330 63.00000 240.7036 0003481 299.7327 162.3331 15.05527065  1774
Starlink 331
1 00331U 19029BR  20220.59692852  .00001103  00000-0  33518-4 0  9999
2 00331 63.00000 240.7036 0003481 299.7327 180.3331 15.05527065  1775
Starlink 332
1 00332U 19029BR  20220.59692852  .00001103  00000-0  33518-4 0  9990
2 00332 63.00000 240.7036 0003481 299.7327 198.3331 15.05527065  1775
Starlink 333
1 00333U 19029BR  20220.59692852  .00001103  00000-0  33518-4 0  9991
2 00333 63.00000 240.7036 0003481 299.7327 216.3331 15.05527065  1777
Starlink 334
1 00334U 19029BR  20220.59692852  .00001103  00000-0  33518-4 0  9992
2 00334 63.00000 240.7036 0003481 299.7327 234.3331 15.05527065  1778
Starlink 335
1 00335U 19029BR  20220.59692852  .00001103  00000-0  33518-4 0  9993
2 00335 63.00000 240.7036 0003481 299.7327 252.3331 15.05527065  1779
Starlink 336
1 00336U 19029BR  20220.59692852  .00001103  00000-0  33518-4 0  9994
2 00336 63.00000 240.7036 0003481 299.7327 270.3331 15.05527065  1770
Starlink 337
1 00337U 19029BR  20220.59692852  .00001103  00000-0  33518-4 0  9995
2 00337 63.00000 240.7036 0003481 299.7327 288.3331 15.05527065  1770
Starlink 338
1 00338U 19029BR  20220.59692852  .00001103  00000-0  33518-4 0  9996
2 00338 63.00000 240.7036 0003481 299.7327 306.3331 15.05527065  1772
Starlink 339
1 00339U 19029BR  20220.59692852  .00001103  00000-0  33518-4 0  9997
2 00339 63.00000 240.7036 0003481 299.7327 324.3331 15.05527065  1773
Starlink 340
1 00340U 19029BR  20220.59692852  .00001103  00000-0  33518-4 0  9999
2 00340 63.00000 240.7036 0003481 299.7327 342.3331 15.05527065  1775
Starlink 341
1 00341U 19029BR  20220.59692852  .00001103  00000-0  33518-4 0  9990
2 00341 63.00000 255.7036 0003481 299.7327   0.3331 15.05527065  1773
Starlink 342
1 00342U 19029BR  20220.59692852  .00001103  00000-0  33518-4 0  9991
2 00342 63.00000 255.7036 0003481 299.7327  18.3331 15.05527065  1773
Starlink 343
1 00343U 19029BR  20220.59692852  .00001103  00000-0  33518-4 0  9992
2 00343 63.00000 255.7036 0003481 299.7327  36.3331 15.05527065  1774
Starlink 344
1 00344U 19029BR  20220.59692852  .00001103  00000-0  33518-4 0  9993
2 00344 63.00000 255.7036 0003481 299.7327  54.3331 15.05527065  1775
Starlink 345
1 00345U 19029BR  20220.59692852  .00001103  00000-0  33518-4 0  9994
2 00345 63.00000 255.7036 0003481 299.7327  72.3331 15.05527065  1776
Starlink 346
1 00346U 19029BR  20220.59692852  .00001103  00000-0  33518-4 0  9995
2 00346 63.00000 255.7036 0003481 299.7327  90.3331 15.05527065  1777
Starlink 347
1 00347U 19029BR  20220.59692852  .00001103  00000-0  33518-4 0  9996
2 00347 63.00000 255.7036 0003481 299.7327 108.3331 15.05527065  1778
Starlink 348
1 00348U 19029BR  20220.59692852  .00001103  00000-0  33518-4 0  9997
2 00348 63.00000 255.7036 0003481 299.7327 126.3331 15.05527065  1779
Starlink 349
1 00349U 19029BR  20220.59692852  .00001103  00000-0  33518-4 0  9998
2 00349 63.00000 255.7036 0003481 299.7327 144.3331 15.05527065  1770
Starlink 350
1 00350U 19029BR  20220.59692852  .00001103  00000-0  33518-4 0  9990
2 00350 63.00000 255.7036 0003481 299.7327 162.3331 15.05527065  1772
Starlink 351
1 00351U 19029BR  20220.59692852  .00001103  00000-0  33518-4 0  9991
2 00351 63.00000 255.7036 0003481 299.7327 180.3331 15.05527065  1773
Starlink 352
1 00352U 19029BR  20220.59692852  .00001103  00000-0  33518-4 0  9992
2 00352 63.00000 255.7036 0003481 299.7327 198.3331 15.05527065  1773
Starlink 353
1 00353U 19029BR  20220.59692852  .00001103  00000-0  33518-4 0  9993
2 00353 63.00000 255.7036 0003481 299.7327 216.3331 15.05527065  1775
Starlink 354
1 00354U 19029BR  20220.59692852  .00001103  00000-0  33518-4 0  9994
2 00354 63.00000 255.7036 0003481 299.7327 234.3331 15.05527065  1776
Starlink 355
1 00355U 19029BR  20220.59692852  .00001103  00000-0  33518-4 0  9995
2 00355 63.00000 255.7036 0003481 299.7327 252.3331 15.05527065  1777
Starlink 356
1 00356U 19029BR  20220.59692852  .00001103  00000-0  33518-4 0  9996
2 00356 63.00000 255.7036 0003481 299.7327 270.3331 15.05527065  1778
Starlink 357
1 00357U 19029BR  20220.59692852  .00001103  00000-0  33518-4 0  9997
2 00357 63.00000 255.7036 0003481 299.7327 288.3331 15.05527065  1778
Starlink 358
1 00358U 19029BR  20220.59692852  .00001103  00000-0  33518-4 0  9998
2 00358 63.00000 255.7036 0003481 299.7327 306.3331 15.05527065  1770
Starlink 359
1 00359U 19029BR  20220.59692852  .00001103  00000-0  33518-4 0  9999
2 00359 63.00000 255.7036 0003481 299.7327 324.3331 15.05527065  1771
Starlink 360
1 00360U 19029BR  20220.59692852  .00001103  00000-0  33518-4 0  9991
2 00360 63.00000 255.7036 0003481 299.7327 342.3331 15.05527065  1773
Starlink 361
1 00361U 19029BR  20220.59692852  .00001103  00000-0  33518-4 0  9992
2 00361 63.00000 270.7036 0003481 299.7327   0.3331 15.05527065  1772
Starlink 362
1 00362U 19029BR  20220.59692852  .00001103  00000-0  33518-4 0  9993
2 00362 63.00000 270.7036 0003481 299.7327  18.3331 15.05527065  1772
Starlink 363
1 00363U 19029BR  20220.59692852  .00001103  00000-0  33518-4 0  9994
2 00363 63.00000 270.7036 0003481 299.7327  36.3331 15.05527065  1773
Starlink 364
1 00364U 19029BR  20220.59692852  .00001103  00000-0  33518-4 0  9995
2 00364 63.00000 270.7036 0003481 299.7327  54.3331 15.05527065  1774
Starlink 365
1 00365U 19029BR  20220.59692852  .00001103  00000-0  33518-4 0  9996
2 00365 63.00000 270.7036 0003481 299.7327  72.3331 15.05527065  1775
Starlink 366
1 00366U 19029BR  20220.59692852  .00001103  00000-0  33518-4 0  9997
2 00366 63.00000 270.7036 0003481 299.7327  90.3331 15.05527065  1776
Starlink 367
1 00367U 19029BR  20220.59692852  .00001103  00000-0  33518-4 0  9998
2 00367 63.00000 270.7036 0003481 299.7327 108.3331 15.05527065  1777
Starlink 368
1 00368U 19029BR  20220.59692852  .00001103  00000-0  33518-4 0  9999
2 00368 63.00000 270.7036 0003481 299.7327 126.3331 15.05527065  1778
Starlink 369
1 00369U 19029BR  20220.59692852  .00001103  00000-0  33518-4 0  9990
2 00369 63.00000 270.7036 0003481 299.7327 144.3331 15.05527065  1779
Starlink 370
1 00370U 19029BR  20220.59692852  .00001103  00000-0  33518-4 0  9992
2 00370 63.00000 270.7036 0003481 299.7327 162.3331 15.05527065  1771
Starlink 371
1 00371U 19029BR  20220.59692852  .00001103  00000-0  33518-4 0  9993
2 00371 63.00000 270.7036 0003481 299.7327 180.3331 15.05527065  1772
Starlink 372
1 00372U 19029BR  20220.59692852  .00001103  00000-0  33518-4 0  9994
2 00372 63.00000 270.7036 0003481 299.7327 198.3331 15.05527065  1772
Starlink 373
1 00373U 19029BR  20220.59692852  .00001103  00000-0  33518-4 0  9995
2 00373 63.00000 270.7036 0003481 299.7327 216.3331 15.05527065  1774
Starlink 374
1 00374U 19029BR  20220.59692852  .00001103  00000-0  33518-4 0  9996
2 00374 63.00000 270.7036 0003481 299.7327 234.3331 15.05527065  1775
Starlink 375
1 00375U 19029BR  20220.59692852  .00001103  00000-0  33518-4 0  9997
2 00375 63.00000 270.7036 0003481 299.7327 252.3331 15.05527065  1776
Starlink 376
1 00376U 19029BR  20220.59692852  .00001103  00000-0  33518-4 0  9998
2 00376 63.00000 270.7036 0003481 299.7327 270.3331 15.05527065  1777
Starlink 377
1 00377U 19029BR  20220.59692852  .00001103  00000-0  33518-4 0  9999
2 00377 63.00000 270.7036 0003481 299.7327 288.3331 15.05527065  1777
Starlink 378
1 00378U 19029BR  20220.59692852  .00001103  00000-0  33518-4 0  9990
2 00378 63.00000 270.7036 0003481 299.7327 306.3331 15.05527065  1779
Starlink 379
1 00379U 19029BR  20220.59692852  .00001103  00000-0  33518-4 0  9991
2 00379 63.00000 270.7036 0003481 299.7327 324.3331 15.05527065  1770
Starlink 380
1 00380U 19029BR  20220.59692852  .00001103  00000-0  33518-4 0  9993
2 00380 63.00000 270.7036 0003481 299.7327 342.3331 15.05527065  1772
Starlink 381
1 00381U 19029BR  20220.59692852  .00001103  00000-0  33518-4 0  9994
2 00381 63.00000 285.7036 0003481 299.7327   0.3331 15.05527065  1770
Starlink 382
1 00382U 19029BR  20220.59692852  .00001103  00000-0  33518-4 0  9995
2 00382 63.00000 285.7036 0003481 299.7327  18.3331 15.05527065  1770
Starlink 383
1 00383U 19029BR  20220.59692852  .00001103  00000-0  33518-4 0  9996
2 00383 63.00000 285.7036 0003481 299.7327  36.3331 15.05527065  1771
Starlink 384
1 00384U 19029BR  20220.59692852  .00001103  00000-0  33518-4 0  9997
2 00384 63.00000 285.7036 0003481 299.7327  54.3331 15.05527065  1772
Starlink 385
1 00385U 19029BR  20220.59692852  .00001103  00000-0  33518-4 0  9998
2 00385 63.00000 285.7036 0003481 299.7327  72.3331 15.05527065  1773
Starlink 386
1 00386U 19029BR  20220.59692852  .00001103  00000-0  33518-4 0  9999
2 00386 63.00000 285.7036 0003481 299.7327  90.3331 15.05527065  1774
Starlink 387
1 00387U 19029BR  20220.59692852  .00001103  00000-0  33518-4 0  9990
2 00387 63.00000 285.7036 0003481 299.7327 108.3331 15.05527065  1775
Starlink 388
1 00388U 19029BR  20220.59692852  .00001103  00000-0  33518-4 0  9991
2 00388 63.00000 285.7036 0003481 299.7327 126.3331 15.05527065  1776
Starlink 389
1 00389U 19029BR  20220.59692852  .00001103  00000-0  33518-4 0  9992
2 00389 63.00000 285.7036 0003481 299.7327 144.3331 15.05527065  1777
Starlink 390
1 00390U 19029BR  20220.59692852  .00001103  00000-0  33518-4 0  9994
2 00390 63.00000 285.7036 0003481 299.7327 162.3331 15.05527065  1779
Starlink 391
1 00391U 19029BR  20220.59692852  .00001103  00000-0  33518-4 0  9995
2 00391 63.00000 285.7036 0003481 299.7327 180.3331 15.05527065  1770
Starlink 392
1 00392U 19029BR  20220.59692852  .00001103  00000-0  33518-4 0  9996
2 00392 63.00000 285.7036 0003481 299.7327 198.3331 15.05527065  1770
Starlink 393
1 00393U 19029BR  20220.59692852  .00001103  00000-0  33518-4 0  9997
2 00393 63.00000 285.7036 0003481 299.7327 216.3331 15.05527065  1772
Starlink 394
1 00394U 19029BR  20220.59692852  .00001103  00000-0  33518-4 0  9998
2 00394 63.00000 285.7036 0003481 299.7327 234.3331 15.05527065  1773
Starlink 395
1 00395U 19029BR  20220.59692852  .00001103  00000-0  33518-4 0  9999
2 00395 63.00000 285.7036 0003481 299.7327 252.3331 15.05527065  1774
Starlink 396
1 00396U 19029BR  20220.59692852  .00001103  00000-0  33518-4 0  9990
2 00396 63.00000 285.7036 0003481 299.7327 270.3331 15.05527065  1775
Starlink 397
1 00397U 19029BR  20220.59692852  .00001103  00000-0  33518-4 0  9991
2 00397 63.00000 285.7036 0003481 299.7327 288.3331 15.05527065  1775
Starlink 398
1 00398U 19029BR  20220.59692852  .00001103  00000-0  33518-4 0  9992
2 00398 63.00000 285.7036 0003481 299.7327 306.3331 15.05527065  1777
Starlink 399
1 00399U 19029BR  20220.59692852  .00001103  00000-0  33518-4 0  9993
2 00399 63.00000 285.7036 0003481 299.7327 324.3331 15.05527065  1778
Starlink 400
1 00400U 19029BR  20220.59692852  .00001103  00000-0  33518-4 0  9996
2 00400 63.00000 285.7036 0003481 299.7327 342.3331 15.05527065  1771
Starlink 401
1 00401U 19029BR  20220.59692852  .00001103  00000-0  33518-4 0  9997
2 00401 63.00000 300.7036 0003481 299.7327   0.3331 15.05527065  1771
Starlink 402
1 00402U 19029BR  20220.59692852  .00001103  00000-0  33518-4 0  9998
2 00402 63.00000 300.7036 0003481 299.7327  18.3331 15.05527065  1771
Starlink 403
1 00403U 19029BR  20220.59692852  .00001103  00000-0  33518-4 0  9999
2 00403 63.00000 300.7036 0003481 299.7327  36.3331 15.05527065  1772
Starlink 404
1 00404U 19029BR  20220.59692852  .00001103  00000-0  33518-4 0  9990
2 00404 63.00000 300.7036 0003481 299.7327  54.3331 15.05527065  1773
Starlink 405
1 00405U 19029BR  20220.59692852  .00001103  00000-0  33518-4 0  9991
2 00405 63.00000 300.7036 0003481 299.7327  72.3331 15.05527065  1774
Starlink 406
1 00406U 19029BR  20220.59692852  .00001103  00000-0  33518-4 0  9992
2 00406 63.00000 300.7036 0003481 299.7327  90.3331 15.05527065  1775
Starlink 407
1 00407U 19029BR  20220.59692852  .00001103  00000-0  33518-4 0  9993
2 00407 63.00000 300.7036 0003481 299.7327 108.3331 15.05527065  1776
Starlink 408
1 00408U 19029BR  20220.59692852  .00001103  00000-0  33518-4 0  9994
2 00408 63.00000 300.7036 0003481 299.7327 126.3331 15.05527065  1777
Starlink 409
1 00409U 19029BR  20220.59692852  .00001103  00000-0  33518-4 0  9995
2 00409 63.00000 300.7036 0003481 299.7327 144.3331 15.05527065  1778
Starlink 410
1 00410U 19029BR  20220.59692852  .00001103  00000-0  33518-4 0  9997
2 00410 63.00000 300.7036 0003481 299.7327 162.3331 15.05527065  1770
Starlink 411
1 00411U 19029BR  20220.59692852  .00001103  00000-0  33518-4 0  9998
2 00411 63.00000 300.7036 0003481 299.7327 180.3331 15.05527065  1771
Starlink 412
1 00412U 19029BR  20220.59692852  .00001103  00000-0  33518-4 0  9999
2 00412 63.00000 300.7036 0003481 299.7327 198.3331 15.05527065  1771
Starlink 413
1 00413U 19029BR  20220.59692852  .00001103  00000-0  33518-4 0  9990
2 00413 63.00000 300.7036 0003481 299.7327 216.3331 15.05527065  1773
Starlink 414
1 00414U 19029BR  20220.59692852  .00001103  00000-0  33518-4 0  9991
2 00414 63.00000 300.7036 0003481 299.7327 234.3331 15.05527065  1774
Starlink 415
1 00415U 19029BR  20220.59692852  .00001103  00000-0  33518-4 0  9992
2 00415 63.00000 300.7036 0003481 299.7327 252.3331 15.05527065  1775
Starlink 416
1 00416U 19029BR  20220.59692852  .00001103  00000-0  33518-4 0  9993
2 00416 63.00000 300.7036 0003481 299.7327 270.3331 15.05527065  1776
Starlink 417
1 00417U 19029BR  20220.59692852  .00001103  00000-0  33518-4 0  9994
2 00417 63.00000 300.7036 0003481 299.7327 288.3331 15.05527065  1776
Starlink 418
1 00418U 19029BR  20220.59692852  .00001103  00000-0  33518-4 0  9995
2 00418 63.00000 300.7036 0003481 299.7327 306.3331 15.05527065  1778
Starlink 419
1 00419U 19029BR  20220.59692852  .00001103  00000-0  33518-4 0  9996
2 00419 63.00000 300.7036 0003481 299.7327 324.3331 15.05527065  1779
Starlink 420
1 00420U 19029BR  20220.59692852  .00001103  00000-0  33518-4 0  9998
2 00420 63.00000 300.7036 0003481 299.7327 342.3331 15.05527065  1771
Starlink 421
1 00421U 19029BR  20220.59692852  .00001103  00000-0  33518-4 0  9999
2 00421 63.00000 315.7036 0003481 299.7327   0.3331 15.05527065  1779
Starlink 422
1 00422U 19029BR  20220.59692852  .00001103  00000-0  33518-4 0  9990
2 00422 63.00000 315.7036 0003481 299.7327  18.3331 15.05527065  1779
Starlink 423
1 00423U 19029BR  20220.59692852  .00001103  00000-0  33518-4 0  9991
2 00423 63.00000 315.7036 0003481 299.7327  36.3331 15.05527065  1770
Starlink 424
1 00424U 19029BR  20220.59692852  .00001103  00000-0  33518-4 0  9992
2 00424 63.00000 315.7036 0003481 299.7327  54.3331 15.05527065  1771
Starlink 425
1 00425U 19029BR  20220.59692852  .00001103  00000-0  33518-4 0  9993
2 00425 63.00000 315.7036 0003481 299.7327  72.3331 15.05527065  1772
Starlink 426
1 00426U 19029BR  20220.59692852  .00001103  00000-0  33518-4 0  9994
2 00426 63.00000 315.7036 0003481 299.7327  90.3331 15.05527065  1773
Starlink 427
1 00427U 19029BR  20220.59692852  .00001103  00000-0  33518-4 0  9995
2 00427 63.00000 315.7036 0003481 299.7327 108.3331 15.05527065  1774
Starlink 428
1 00428U 19029BR  20220.59692852  .00001103  00000-0  33518-4 0  9996
2 00428 63.00000 315.7036 0003481 299.7327 126.3331 15.05527065  1775
Starlink 429
1 00429U 19029BR  20220.59692852  .00001103  00000-0  33518-4 0  9997
2 00429 63.00000 315.7036 0003481 299.7327 144.3331 15.05527065  1776
Starlink 430
1 00430U 19029BR  20220.59692852  .00001103  00000-0  33518-4 0  9999
2 00430 63.00000 315.7036 0003481 299.7327 162.3331 15.05527065  1778
Starlink 431
1 00431U 19029BR  20220.59692852  .00001103  00000-0  33518-4 0  9990
2 00431 63.00000 315.7036 0003481 299.7327 180.3331 15.05527065  1779
Starlink 432
1 00432U 19029BR  20220.59692852  .00001103  00000-0  33518-4 0  9991
2 00432 63.00000 315.7036 0003481 299.7327 198.3331 15.05527065  1779
Starlink 433
1 00433U 19029BR  20220.59692852  .00001103  00000-0  33518-4 0  9992
2 00433 63.00000 315.7036 0003481 299.7327 216.3331 15.05527065  1771
Starlink 434
1 00434U 19029BR  20220.59692852  .00001103  00000-0  33518-4 0  9993
2 00434 63.00000 315.7036 0003481 299.7327 234.3331 15.05527065  1772
Starlink 435
1 00435U 19029BR  20220.59692852  .00001103  00000-0  33518-4 0  9994
2 00435 63.00000 315.7036 0003481 299.7327 252.3331 15.05527065  1773
Starlink 436
1 00436U 19029BR  20220.59692852  .00001103  00000-0  33518-4 0  9995
2 00436 63.00000 315.7036 0003481 299.7327 270.3331 15.05527065  1774
Starlink 437
1 00437U 19029BR  20220.59692852  .00001103  00000-0  33518-4 0  9996
2 00437 63.00000 315.7036 0003481 299.7327 288.3331 15.05527065  1774
Starlink 438
1 00438U 19029BR  20220.59692852  .00001103  00000-0  33518-4 0  9997
2 00438 63.00000 315.7036 0003481 299.7327 306.3331 15.05527065  1776
Starlink 439
1 00439U 19029BR  20220.59692852  .00001103  00000-0  33518-4 0  9998
2 00439 63.00000 315.7036 0003481 299.7327 324.3331 15.05527065  1777
Starlink 440
1 00440U 19029BR  20220.59692852  .00001103  00000-0  33518-4 0  9990
2 00440 63.00000 315.7036 0003481 299.7327 342.3331 15.05527065  1779
Starlink 441
1 00441U 19029BR  20220.59692852  .00001103  00000-0  33518-4 0  9991
2 00441 63.00000 330.7036 0003481 299.7327   0.3331 15.05527065  1778
Starlink 442
1 00442U 19029BR  20220.59692852  .00001103  00000-0  33518-4 0  9992
2 00442 63.00000 330.7036 0003481 299.7327  18.3331 15.05527065  1778
Starlink 443
1 00443U 19029BR  20220.59692852  .00001103  00000-0  33518-4 0  9993
2 00443 63.00000 330.7036 0003481 299.7327  36.3331 15.05527065  1779
Starlink 444
1 00444U 19029BR  20220.59692852  .00001103  00000-0  33518-4 0  9994
2 00444 63.00000 330.7036 0003481 299.7327  54.3331 15.05527065  1770
Starlink 445
1 00445U 19029BR  20220.59692852  .00001103  00000-0  33518-4 0  9995
2 00445 63.00000 330.7036 0003481 299.7327  72.3331 15.05527065  1771
Starlink 446
1 00446U 19029BR  20220.59692852  .00001103  00000-0  33518-4 0  9996
2 00446 63.00000 330.7036 0003481 299.7327  90.3331 15.05527065  1772
Starlink 447
1 00447U 19029BR  20220.59692852  .00001103  00000-0  33518-4 0  9997
2 00447 63.00000 330.7036 0003481 299.7327 108.3331 15.05527065  1773
Starlink 448
1 00448U 19029BR  20220.59692852  .00001103  00000-0  33518-4 0  9998
2 00448 63.00000 330.7036 0003481 299.7327 126.3331 15.05527065  1774
Starlink 449
1 00449U 19029BR  20220.59692852  .00001103  00000-0  33518-4 0  9999
2 00449 63.00000 330.7036 0003481 299.7327 144.3331 15.05527065  1775
Starlink 450
1 00450U 19029BR  20220.59692852  .00001103  00000-0  33518-4 0  9991
2 00450 63.00000 330.7036 0003481 299.7327 162.3331 15.05527065  1777
Starlink 451
1 00451U 19029BR  20220.59692852  .00001103  00000-0  33518-4 0  9992
2 00451 63.00000 330.7036 0003481 299.7327 180.3331 15.05527065  1778
Starlink 452
1 00452U 19029BR  20220.59692852  .00001103  00000-0  33518-4 0  9993
2 00452 63.00000 330.7036 0003481 299.7327 198.3331 15.05527065  1778
Starlink 453
1 00453U 19029BR  20220.59692852  .00001103  00000-0  33518-4 0  9994
2 00453 63.00000 330.7036 0003481 299.7327 216.3331 15.05527065  1770
Starlink 454
1 00454U 19029BR  20220.59692852  .00001103  00000-0  33518-4 0  9995
2 00454 63.00000 330.7036 0003481 299.7327 234.3331 15.05527065  1771
Starlink 455
1 00455U 19029BR  20220.59692852  .00001103  00000-0  33518-4 0  9996
2 00455 63.00000 330.7036 0003481 299.7327 252.3331 15.05527065  1772
Starlink 456
1 00456U 19029BR  20220.59692852  .00001103  00000-0  33518-4 0  9997
2 00456 63.00000 330.7036 0003481 299.7327 270.3331 15.05527065  1773
Starlink 457
1 00457U 19029BR  20220.59692852  .00001103  00000-0  33518-4 0  9998
2 00457 63.00000 330.7036 0003481 299.7327 288.3331 15.05527065  1773
Starlink 458
1 00458U 19029BR  20220.59692852  .00001103  00000-0  33518-4 0  9999
2 00458 63.00000 330.7036 0003481 299.7327 306.3331 15.05527065  1775
Starlink 459
1 00459U 19029BR  20220.59692852  .00001103  00000-0  33518-4 0  9990
2 00459 63.00000 330.7036 0003481 299.7327 324.3331 15.05527065  1776
Starlink 460
1 00460U 19029BR  20220.59692852  .00001103  00000-0  33518-4 0  9992
2 00460 63.00000 330.7036 0003481 299.7327 342.3331 15.05527065  1778
Starlink 461
1 00461U 19029BR  20220.59692852  .00001103  00000-0  33518-4 0  9993
2 00461 63.00000 345.7036 0003481 299.7327   0.3331 15.05527065  1776
Starlink 462
1 00462U 19029BR  20220.59692852  .00001103  00000-0  33518-4 0  9994
2 00462 63.00000 345.7036 0003481 299.7327  18.3331 15.05527065  1776
Starlink 463
1 00463U 19029BR  20220.59692852  .00001103  00000-0  33518-4 0  9995
2 00463 63.00000 345.7036 0003481 299.7327  36.3331 15.05527065  1777
Starlink 464
1 00464U 19029BR  20220.59692852  .00001103  00000-0  33518-4 0  9996
2 00464 63.00000 345.7036 0003481 299.7327  54.3331 15.05527065  1778
Starlink 465
1 00465U 19029BR  20220.59692852  .00001103  00000-0  33518-4 0  9997
2 00465 63.00000 345.7036 0003481 299.7327  72.3331 15.05527065  1779
Starlink 466
1 00466U 19029BR  20220.59692852  .00001103  00000-0  33518-4 0  9998
2 00466 63.00000 345.7036 0003481 299.7327  90.3331 15.05527065  1770
Starlink 467
1 00467U 19029BR  20220.59692852  .00001103  00000-0  33518-4 0  9999
2 00467 63.00000 345.7036 0003481 299.7327 108.3331 15.05527065  1771
Starlink 468
1 00468U 19029BR  20220.59692852  .00001103  00000-0  33518-4 0  9990
2 00468 63.00000 345.7036 0003481 299.7327 126.3331 15.05527065  1772
Starlink 469
1 00469U 19029BR  20220.59692852  .00001103  00000-0  33518-4 0  9991
2 00469 63.00000 345.7036 0003481 299.7327 144.3331 15.05527065  1773
Starlink 470
1 00470U 19029BR  20220.59692852  .00001103  00000-0  33518-4 0  9993
2 00470 63.00000 345.7036 0003481 299.7327 162.3331 15.05527065  1775
Starlink 471
1 00471U 19029BR  20220.59692852  .00001103  00000-0  33518-4 0  9994
2 00471 63.00000 345.7036 0003481 299.7327 180.3331 15.05527065  1776
Starlink 472
1 00472U 19029BR  20220.59692852  .00001103  00000-0  33518-4 0  9995
2 00472 63.00000 345.7036 0003481 299.7327 198.3331 15.05527065  1776
Starlink 473
1 00473U 19029BR  20220.59692852  .00001103  00000-0  33518-4 0  9996
2 00473 63.00000 345.7036 0003481 299.7327 216.3331 15.05527065  1778
Starlink 474
1 00474U 19029BR  20220.59692852  .00001103  00000-0  33518-4 0  9997
2 00474 63.00000 345.7036 0003481 299.7327 234.3331 15.05527065  1779
Starlink 475
1 00475U 19029BR  20220.59692852  .00001103  00000-0  33518-4 0  9998
2 00475 63.00000 345.7036 0003481 299.7327 252.3331 15.05527065  1770
Starlink 476
1 00476U 19029BR  20220.59692852  .00001103  00000-0  33518-4 0  9999
2 00476 63.00000 345.7036 0003481 299.7327 270.3331 15.05527065  1771
Starlink 477
1 00477U 19029BR  20220.59692852  .00001103  00000-0  33518-4 0  9990
2 00477 63.00000 345.7036 0003481 299.7327 288.3331 15.05527065  1771
Starlink 478
1 00478U 19029BR  20220.59692852  .00001103  00000-0  33518-4 0  9991
2 00478 63.00000 345.7036 0003481 299.7327 306.3331 15.05527065  1773
Starlink 479
1 00479U 19029BR  20220.59692852  .00001103  00000-0  33518-4 0  9992
2 00479 63.00000 345.7036 0003481 299.7327 324.3331 15.05527065  1774
Starlink 480
1 00480U 19029BR  20220.59692852  .00001103  00000-0  33518-4 0  9994
2 00480 63.00000 345.7036 0003481 299.7327 342.3331 15.05527065  1776